1 0.511328 0.387109 0.407031 0.089844
2 0.305469 0.591797 0.189062 0.349219
2 0.499609 0.782422 0.580469 0.039844
2 0.712891 0.589844 0.166406 0.329688
3 0.598828 0.381250 0.022656 0.081250
3 0.529687 0.387891 0.015625 0.078906
3 0.658984 0.552344 0.052344 0.079687
3 0.419141 0.518359 0.038281 0.146094
3 0.298828 0.372656 0.016406 0.070312
3 0.423828 0.381250 0.019531 0.090625
3 0.538672 0.441406 0.017969 0.126562
3 0.027734 0.500781 0.033594 0.129688
3 0.221094 0.439844 0.020313 0.120313
3 0.612109 0.429688 0.024219 0.109375
3 0.813672 0.528125 0.036719 0.118750
3 0.373047 0.419531 0.021094 0.098437
3 0.264844 0.483984 0.060937 0.117969
3 0.165234 0.400781 0.030469 0.070312
3 0.346484 0.457422 0.036719 0.111719
3 0.129297 0.658594 0.046094 0.235937
3 0.458203 0.883203 0.066406 0.100781
3 0.344922 0.698828 0.055469 0.228906
3 0.914453 0.653906 0.038281 0.204687
3 0.094141 0.435547 0.016406 0.099219
3 0.006641 0.507812 0.013281 0.093750
3 0.804297 0.773828 0.067969 0.319531
4 0.371484 0.158594 0.014844 0.026562
4 0.685547 0.478906 0.011719 0.020313
4 0.237891 0.468750 0.007031 0.015625
4 0.239453 0.475000 0.010156 0.028125
4 0.830469 0.519922 0.010937 0.021094
4 0.152344 0.383203 0.007812 0.016406