1 0.182031 0.388281 0.301563 0.079687
1 0.525391 0.384766 0.378906 0.088281
2 0.508594 0.782422 0.598437 0.039844
2 0.305469 0.591406 0.189062 0.348438
2 0.718359 0.600391 0.180469 0.357031
3 0.428516 0.353125 0.013281 0.084375
3 0.535156 0.345313 0.023438 0.081250
3 0.637891 0.548828 0.032031 0.185156
3 0.825391 0.446484 0.019531 0.039844
3 0.606641 0.456641 0.028906 0.132031
3 0.218359 0.476172 0.036719 0.139844
3 0.701172 0.446875 0.017969 0.115625
3 0.732422 0.465625 0.021094 0.131250
3 0.346094 0.432812 0.017188 0.134375
3 0.460547 0.432422 0.017969 0.130469
3 0.461328 0.336328 0.016406 0.063281
3 0.126953 0.845313 0.069531 0.296875
3 0.872656 0.594141 0.042188 0.210156
3 0.410156 0.348828 0.014063 0.078906
3 0.589453 0.386328 0.019531 0.066406
3 0.310156 0.451562 0.020313 0.140625
3 0.799609 0.948828 0.049219 0.100781
3 0.520703 0.378516 0.019531 0.091406
3 0.503516 0.591797 0.041406 0.189844
3 0.617188 0.357812 0.012500 0.075000
4 0.194141 0.496484 0.010156 0.017969
4 0.887891 0.556250 0.013281 0.025000
4 0.855078 0.759766 0.016406 0.025781
4 0.851562 0.741406 0.018750 0.029687
4 0.878125 0.783203 0.018750 0.032031
4 0.155859 0.836328 0.017969 0.032031
4 0.004297 0.978125 0.008594 0.031250
4 0.872266 0.762891 0.013281 0.019531
4 0.867578 0.770312 0.019531 0.031250
4 0.862109 0.585938 0.014844 0.025000