1 0.372656 0.385156 0.682813 0.085938
2 0.293359 0.778516 0.167969 0.032031
2 0.508984 0.782813 0.599219 0.040625
2 0.725391 0.787500 0.166406 0.025000
2 0.303516 0.591406 0.188281 0.348438
2 0.529297 0.566016 0.342969 0.013281
2 0.718359 0.598828 0.180469 0.360156
3 0.752344 0.464453 0.017188 0.125781
3 0.696484 0.458203 0.014844 0.088281
3 0.146094 0.773047 0.073438 0.258594
3 0.594922 0.381641 0.017969 0.091406
3 0.555078 0.465234 0.022656 0.133594
3 0.476953 0.600000 0.041406 0.178125
3 0.825000 0.882031 0.065625 0.235937
3 0.987500 0.985156 0.025000 0.029687
3 0.432812 0.366797 0.015625 0.108594
3 0.714453 0.469922 0.025781 0.139844
3 0.348828 0.566016 0.053906 0.188281
3 0.544922 0.341797 0.021094 0.067969
3 0.451172 0.346484 0.017969 0.083594
3 0.056641 0.714063 0.060156 0.243750
3 0.314453 0.451562 0.013281 0.128125
3 0.876172 0.921875 0.055469 0.156250
3 0.542578 0.430078 0.016406 0.116406
3 0.354687 0.433203 0.018750 0.132031
3 0.452734 0.882422 0.074219 0.099219
3 0.707812 0.814844 0.084375 0.348438
3 0.515234 0.376563 0.017969 0.096875
3 0.308984 0.454297 0.021094 0.142969
3 0.613672 0.365625 0.011719 0.075000
4 0.626172 0.220703 0.014844 0.025781
4 0.784766 0.952344 0.019531 0.035937
4 0.676562 0.761328 0.015625 0.035156
4 0.605859 0.233203 0.011719 0.019531
4 0.851562 0.741797 0.018750 0.030469
4 0.876953 0.782813 0.019531 0.031250
4 0.728125 0.447266 0.009375 0.019531
4 0.854688 0.760938 0.015625 0.028125