1 0.530859 0.385937 0.392969 0.084375
1 0.163281 0.389062 0.270313 0.078125
1 0.862500 0.426953 0.265625 0.135156
1 0.858594 0.400000 0.270313 0.081250
1 0.971484 0.085156 0.024219 0.060937
2 0.304688 0.589453 0.190625 0.357031
2 0.507031 0.784375 0.598437 0.040625
2 0.717578 0.594141 0.182031 0.366406
3 0.726172 0.526953 0.027344 0.160156
3 0.738672 0.559375 0.042969 0.159375
3 0.792578 0.641016 0.053906 0.203906
3 0.705078 0.521875 0.028906 0.165625
3 0.890234 0.785937 0.080469 0.278125
3 0.768359 0.578516 0.036719 0.203906
3 0.386328 0.503906 0.022656 0.148438
3 0.593359 0.341797 0.017969 0.074219
3 0.693359 0.471875 0.030469 0.146875
3 0.835547 0.694531 0.061719 0.251563
3 0.407422 0.362109 0.014844 0.089844
3 0.962500 0.888672 0.075000 0.224219
3 0.673438 0.435156 0.018750 0.129688