1 0.373828 0.403125 0.685156 0.143750
4 0.966406 0.478516 0.014063 0.025781
4 0.444141 0.315234 0.013281 0.024219
3 0.595703 0.374219 0.016406 0.089063
3 0.413281 0.887891 0.067187 0.085156
3 0.617578 0.442578 0.038281 0.094531
3 0.532422 0.385937 0.014844 0.100000
3 0.709766 0.654297 0.047656 0.261719
3 0.444531 0.374609 0.017188 0.092969
3 0.316797 0.363281 0.014844 0.073438
3 0.660156 0.469141 0.026562 0.150781
3 0.414062 0.434375 0.025000 0.115625
3 0.235547 0.479297 0.030469 0.146094
3 0.151172 0.603516 0.039844 0.191406
3 0.434766 0.494141 0.041406 0.163281
3 0.963672 0.682813 0.046094 0.206250
3 0.259375 0.435156 0.018750 0.123438
3 0.005859 0.526953 0.011719 0.078906
3 0.175000 0.377734 0.018750 0.061719
3 0.505078 0.424609 0.038281 0.083594
3 0.101953 0.486719 0.025781 0.120313
3 0.801562 0.500391 0.031250 0.150781
3 0.385156 0.693359 0.054688 0.224219
2 0.725781 0.786328 0.167187 0.025781
2 0.306641 0.587891 0.191406 0.353906
2 0.510156 0.782422 0.598437 0.039844
2 0.717578 0.600000 0.178906 0.359375