1 0.373047 0.385937 0.683594 0.090625
2 0.304688 0.592187 0.187500 0.346875
2 0.510156 0.782422 0.598437 0.039844
2 0.717187 0.598828 0.181250 0.363281
3 0.375781 0.746875 0.067187 0.128125
3 0.279297 0.459766 0.027344 0.128906
3 0.597656 0.378906 0.014063 0.085938
3 0.619531 0.436719 0.014063 0.101562
3 0.443359 0.512109 0.036719 0.155469
3 0.446875 0.383594 0.031250 0.070312
3 0.140234 0.492188 0.030469 0.128125
3 0.607031 0.468750 0.032813 0.143750
3 0.155078 0.388672 0.013281 0.092969
3 0.503516 0.383203 0.013281 0.078906
3 0.119922 0.649609 0.058594 0.233594
3 0.653125 0.796875 0.062500 0.259375
3 0.963672 0.680859 0.058594 0.214844
3 0.213281 0.409766 0.020313 0.094531
3 0.084766 0.447266 0.025781 0.091406
3 0.421484 0.427344 0.024219 0.129688
3 0.495703 0.421094 0.019531 0.101562
3 0.702344 0.664844 0.073438 0.170313
3 0.802734 0.505469 0.036719 0.151562
4 0.700000 0.478516 0.009375 0.016406
4 0.645312 0.457813 0.009375 0.015625
4 0.403906 0.448437 0.014063 0.025000
4 0.202734 0.500000 0.008594 0.015625