1 0.180078 0.386719 0.297656 0.079687
1 0.373437 0.386328 0.684375 0.088281
1 0.523047 0.382812 0.383594 0.081250
2 0.510156 0.782422 0.598437 0.039844
2 0.305469 0.591406 0.189062 0.348438
2 0.718359 0.598828 0.180469 0.360156
3 0.725391 0.465234 0.019531 0.133594
3 0.154688 0.769141 0.068750 0.253906
3 0.475000 0.425781 0.015625 0.114062
3 0.835156 0.450391 0.017188 0.044531
3 0.273047 0.466797 0.027344 0.105469
3 0.455078 0.342578 0.016406 0.078906
3 0.545703 0.345313 0.019531 0.078125
3 0.311328 0.452734 0.025781 0.136719
3 0.317578 0.452734 0.013281 0.130469
3 0.464453 0.344141 0.013281 0.066406
3 0.473438 0.599609 0.059375 0.186719
3 0.344922 0.574609 0.036719 0.196094
3 0.748047 0.457031 0.021094 0.139063
3 0.535156 0.460938 0.023438 0.131250
3 0.866797 0.899219 0.077344 0.201563
3 0.751953 0.843359 0.050781 0.314844
3 0.068359 0.701562 0.042969 0.221875
3 0.475781 0.321875 0.017188 0.043750
3 0.607422 0.393359 0.017969 0.080469
3 0.351953 0.426953 0.013281 0.110156
3 0.519922 0.363672 0.017969 0.114844
3 0.700391 0.447266 0.016406 0.119531
3 0.677734 0.383984 0.014844 0.058594
4 0.849609 0.741406 0.017969 0.029687
4 0.636719 0.205469 0.010937 0.020313
4 0.569141 0.340625 0.007031 0.009375
4 0.872266 0.762109 0.013281 0.017969
4 0.854688 0.760938 0.015625 0.025000
4 0.829297 0.928906 0.021094 0.035937
4 0.454688 0.332813 0.009375 0.015625
4 0.064062 0.694531 0.015625 0.029687
4 0.878125 0.782813 0.018750 0.031250
4 0.866406 0.772266 0.017188 0.028906