1 0.177344 0.387109 0.292187 0.080469
1 0.373437 0.386328 0.684375 0.088281
1 0.521875 0.386328 0.387500 0.088281
1 0.829297 0.288672 0.024219 0.058594
2 0.508203 0.782422 0.597656 0.039844
2 0.305078 0.592187 0.188281 0.346875
2 0.725391 0.611328 0.166406 0.335156
3 0.698828 0.448828 0.019531 0.116406
3 0.416016 0.404687 0.019531 0.071875
3 0.098047 0.929297 0.052344 0.142969
3 0.598437 0.353516 0.015625 0.082031
3 0.580859 0.358984 0.017969 0.089844
3 0.494141 0.386328 0.013281 0.075781
3 0.792578 0.586719 0.035156 0.201563
3 0.477734 0.337109 0.021094 0.067969
3 0.330469 0.453516 0.023438 0.135156
3 0.339453 0.432031 0.016406 0.135937
3 0.632422 0.462500 0.039844 0.131250
3 0.729297 0.467578 0.021094 0.135156
3 0.153906 0.858984 0.064062 0.283594
3 0.655078 0.566406 0.044531 0.210938
3 0.557422 0.583203 0.046094 0.185156
3 0.421484 0.509766 0.042969 0.160156
3 0.917188 0.597656 0.050000 0.185938
3 0.033203 0.925000 0.066406 0.150000
3 0.435156 0.374219 0.014063 0.089063
3 0.636719 0.381250 0.017188 0.059375
3 0.825391 0.446094 0.019531 0.039062
4 0.783984 0.568750 0.008594 0.021875
4 0.593750 0.141406 0.012500 0.020313
4 0.870313 0.770312 0.015625 0.028125
4 0.879297 0.782813 0.017969 0.028125
4 0.851172 0.742578 0.017969 0.028906
4 0.052734 0.980859 0.021094 0.039844
4 0.855078 0.763672 0.016406 0.024219
4 0.317578 0.441797 0.010156 0.021094