1 0.373047 0.433203 0.683594 0.191406
2 0.510156 0.782422 0.598437 0.039844
2 0.490234 0.564453 0.421094 0.016406
2 0.725000 0.786328 0.168750 0.025781
2 0.303906 0.596484 0.185938 0.339844
2 0.720703 0.603516 0.175781 0.353906
2 0.423047 0.782422 0.427344 0.039844
3 0.730469 0.533984 0.035937 0.146094
3 0.598828 0.380078 0.016406 0.082031
3 0.496484 0.910156 0.102344 0.051562
3 0.621484 0.435156 0.021094 0.114062
3 0.419141 0.489844 0.038281 0.179688
3 0.287500 0.378125 0.021875 0.090625
3 0.444922 0.366406 0.014844 0.085938
3 0.141406 0.476562 0.029687 0.103125
3 0.251953 0.389062 0.019531 0.046875
3 0.255078 0.491797 0.025781 0.161719
3 0.402344 0.415234 0.020313 0.105469
3 0.184766 0.381250 0.019531 0.078125
3 0.152734 0.614844 0.049219 0.189062
3 0.933984 0.659766 0.039844 0.203906
3 0.107813 0.424609 0.015625 0.105469
3 0.014453 0.488281 0.022656 0.114062
3 0.819922 0.509375 0.030469 0.156250
3 0.495703 0.431641 0.019531 0.116406
3 0.744141 0.670703 0.063281 0.266406
3 0.525000 0.391797 0.015625 0.083594
3 0.379688 0.696484 0.053125 0.221094
4 0.610938 0.225391 0.012500 0.025781