1 0.373047 0.386719 0.683594 0.089063
2 0.508203 0.782422 0.594531 0.039844
2 0.683984 0.528906 0.111719 0.223438
2 0.304297 0.591406 0.189844 0.351562
2 0.717969 0.598047 0.179688 0.361719
3 0.335547 0.836719 0.058594 0.326562
3 0.362109 0.478125 0.033594 0.134375
3 0.845703 0.519531 0.025781 0.148438
3 0.728906 0.459766 0.017188 0.119531
3 0.628516 0.371484 0.013281 0.074219
3 0.742188 0.773047 0.053125 0.308594
3 0.596875 0.391406 0.025000 0.076563
3 0.476172 0.588672 0.052344 0.180469
3 0.522266 0.388281 0.028906 0.073438
3 0.751953 0.848828 0.091406 0.300781
3 0.673828 0.594141 0.041406 0.225781
3 0.925391 0.728516 0.025781 0.257031
3 0.572266 0.459766 0.028906 0.135156
3 0.946094 0.840625 0.067187 0.268750
3 0.429297 0.363281 0.017969 0.098437
3 0.344531 0.564063 0.054688 0.190625
3 0.771484 0.478516 0.024219 0.144531
3 0.445703 0.414844 0.019531 0.110937
3 0.407422 0.405859 0.024219 0.096094
3 0.247266 0.705859 0.047656 0.242969
3 0.466016 0.351562 0.016406 0.071875
3 0.832031 0.852734 0.073438 0.289844
3 0.891797 0.833984 0.058594 0.321094