3 0.298438 0.453125 0.031250 0.134375
3 0.525000 0.348438 0.018750 0.071875
3 0.509766 0.855469 0.097656 0.160938
3 0.445312 0.483594 0.028125 0.151562
3 0.404297 0.623437 0.039844 0.203125
3 0.453125 0.344922 0.015625 0.080469
3 0.534766 0.422656 0.019531 0.114062
3 0.629297 0.437109 0.014844 0.108594
3 0.638281 0.469531 0.026562 0.145313
3 0.203906 0.441406 0.032813 0.114062
3 0.416016 0.423047 0.019531 0.108594
3 0.193750 0.361719 0.015625 0.060937
3 0.323047 0.363281 0.014844 0.085938
3 0.034766 0.780078 0.069531 0.294531
3 0.085547 0.442188 0.027344 0.106250
3 0.026562 0.481641 0.034375 0.113281
3 0.791406 0.496484 0.032813 0.158594
3 0.775781 0.809766 0.082812 0.316406
3 0.567578 0.361328 0.016406 0.060156
3 0.166016 0.474219 0.019531 0.123438
4 0.562109 0.339453 0.008594 0.010156
4 0.486328 0.912109 0.019531 0.042969
4 0.429688 0.217969 0.012500 0.023438
4 0.450391 0.315625 0.013281 0.018750
4 0.639453 0.332813 0.010156 0.015625
4 0.094141 0.559375 0.013281 0.028125
4 0.099609 0.467187 0.008594 0.015625
1 0.373437 0.384766 0.684375 0.094531
2 0.487891 0.782422 0.557031 0.039844
2 0.650000 0.789453 0.234375 0.019531
2 0.305078 0.592187 0.188281 0.346875
2 0.716406 0.589453 0.126562 0.250781