1 0.371484 0.416406 0.689844 0.154688
1 0.373047 0.383984 0.683594 0.092969
2 0.508984 0.782422 0.599219 0.039844
2 0.305078 0.591406 0.188281 0.348438
2 0.717187 0.600000 0.181250 0.359375
3 0.599609 0.377734 0.024219 0.086719
3 0.432031 0.896094 0.051562 0.070312
3 0.610156 0.430469 0.032813 0.110937
3 0.504297 0.366406 0.014844 0.079687
3 0.459375 0.369922 0.015625 0.092969
3 0.512500 0.421094 0.018750 0.095312
3 0.140234 0.464453 0.017969 0.085156
3 0.366016 0.383984 0.013281 0.030469
3 0.637891 0.487500 0.050781 0.134375
3 0.092188 0.439063 0.028125 0.096875
3 0.431641 0.399219 0.025781 0.070312
3 0.166797 0.386328 0.017969 0.085156
3 0.323828 0.372266 0.016406 0.091406
3 0.155859 0.607812 0.055469 0.203125
3 0.304297 0.478516 0.036719 0.150781
3 0.424219 0.495703 0.032813 0.157031
3 0.974219 0.775781 0.051562 0.248438
3 0.282813 0.407813 0.018750 0.081250
3 0.723437 0.686328 0.071875 0.285156
3 0.021875 0.493750 0.034375 0.096875
3 0.345703 0.685547 0.035156 0.308594
3 0.815234 0.503906 0.024219 0.160938
4 0.512891 0.180859 0.010156 0.017969
4 0.449609 0.315625 0.008594 0.015625
4 0.308594 0.155469 0.007812 0.014063
4 0.365234 0.379688 0.011719 0.018750
4 0.366016 0.385156 0.013281 0.029687
4 0.365234 0.382031 0.011719 0.023438
4 0.141797 0.230078 0.008594 0.016406
4 0.601953 0.165625 0.010156 0.018750
4 0.704297 0.111719 0.014844 0.023438