1 0.372266 0.387109 0.682031 0.089844
2 0.337500 0.529687 0.125000 0.225000
2 0.508984 0.782422 0.596094 0.039844
2 0.303516 0.594531 0.188281 0.351562
2 0.225391 0.737891 0.032031 0.060156
2 0.721875 0.607031 0.171875 0.345313
3 0.638672 0.405469 0.024219 0.101562
3 0.684766 0.589844 0.047656 0.229687
3 0.598828 0.354687 0.028906 0.078125
3 0.573047 0.448437 0.027344 0.140625
3 0.825391 0.447266 0.019531 0.041406
3 0.083984 0.960156 0.049219 0.079687
3 0.242969 0.572656 0.032813 0.173437
3 0.336328 0.450781 0.028906 0.164062
3 0.476953 0.339062 0.019531 0.071875
3 0.699219 0.446484 0.014063 0.114844
3 0.725000 0.467969 0.021875 0.135937
3 0.726953 0.916016 0.025781 0.166406
3 0.271484 0.732031 0.058594 0.273438
3 0.440234 0.380078 0.021094 0.088281
3 0.123047 0.868359 0.074219 0.261719
3 0.560937 0.803125 0.062500 0.268750
3 0.525781 0.594922 0.039062 0.196094
3 0.874219 0.602734 0.039062 0.196094
3 0.416406 0.433984 0.026562 0.124219
3 0.513672 0.388281 0.021094 0.076563
4 0.593750 0.153906 0.012500 0.020313
4 0.633984 0.924219 0.039844 0.070312
4 0.544922 0.800391 0.021094 0.038281
4 0.633984 0.914062 0.039844 0.050000
4 0.878906 0.782813 0.017188 0.028125
4 0.849609 0.743359 0.017969 0.030469
4 0.139844 0.844922 0.020313 0.036719
4 0.291406 0.708984 0.014063 0.033594
4 0.869922 0.770312 0.014844 0.028125