1 0.373047 0.385156 0.683594 0.085938
2 0.508594 0.782422 0.598437 0.039844
2 0.305469 0.591797 0.189062 0.349219
2 0.716016 0.597656 0.182031 0.364063
3 0.435547 0.321094 0.014844 0.039062
3 0.701953 0.445703 0.016406 0.113281
3 0.036328 0.933984 0.057031 0.130469
3 0.343359 0.432031 0.017969 0.129688
3 0.836719 0.453125 0.017188 0.040625
3 0.612891 0.495312 0.028906 0.153125
3 0.593359 0.378906 0.014844 0.101562
3 0.071484 0.604297 0.039844 0.186719
3 0.562109 0.336719 0.014844 0.070312
3 0.430078 0.356250 0.013281 0.084375
3 0.314063 0.452344 0.015625 0.126562
3 0.388672 0.346484 0.014844 0.067969
3 0.490625 0.594141 0.046875 0.185156
3 0.322656 0.371875 0.017188 0.071875
3 0.011328 0.929297 0.022656 0.142969
3 0.458594 0.341016 0.017188 0.078906
3 0.520703 0.376953 0.016406 0.091406
3 0.729297 0.465234 0.017969 0.133594
3 0.448828 0.428906 0.016406 0.120313
3 0.362109 0.463672 0.024219 0.155469
3 0.300391 0.451953 0.022656 0.138281
3 0.619922 0.561719 0.055469 0.173437
4 0.571094 0.301172 0.007812 0.011719
4 0.876953 0.783203 0.019531 0.032031
4 0.849609 0.741406 0.017969 0.029687
4 0.149219 0.371875 0.014063 0.021875
4 0.032422 0.885547 0.017969 0.046094
4 0.867578 0.769922 0.019531 0.030469
4 0.855078 0.760938 0.016406 0.025000