1 0.169141 0.387891 0.275781 0.078906
1 0.514453 0.383984 0.400781 0.086719
1 0.808594 0.475391 0.182812 0.210156
2 0.508594 0.784375 0.598437 0.040625
2 0.723828 0.786328 0.166406 0.025781
2 0.301172 0.597656 0.180469 0.335938
2 0.721875 0.606641 0.171875 0.344531
3 0.566016 0.356250 0.028906 0.075000
3 0.523047 0.353516 0.014844 0.085156
3 0.671875 0.470703 0.043750 0.144531
3 0.739453 0.436328 0.019531 0.125781
3 0.631641 0.441797 0.019531 0.114844
3 0.836328 0.453125 0.016406 0.043750
3 0.112891 0.438281 0.016406 0.104688
3 0.192578 0.462500 0.035156 0.115625
3 0.424609 0.430859 0.021094 0.114844
3 0.106641 0.899219 0.075781 0.201563
3 0.851172 0.523828 0.024219 0.163281
3 0.905078 0.576172 0.047656 0.171094
3 0.214062 0.373828 0.015625 0.075781
3 0.036719 0.467578 0.017188 0.119531
3 0.462109 0.339453 0.017969 0.069531
3 0.403906 0.467187 0.032813 0.143750
3 0.291797 0.351172 0.011719 0.058594
3 0.285156 0.432422 0.020313 0.108594
3 0.883203 0.860938 0.082031 0.278125
3 0.803125 0.515234 0.031250 0.174219
4 0.638672 0.421484 0.008594 0.014844
4 0.513672 0.366016 0.011719 0.016406
4 0.072656 0.346484 0.023438 0.049219
4 0.461328 0.293359 0.007031 0.011719
4 0.213672 0.733594 0.021094 0.035937