1 0.373047 0.383594 0.683594 0.098437
2 0.508984 0.784375 0.599219 0.040625
2 0.303516 0.594141 0.185156 0.341406
2 0.717578 0.600000 0.178906 0.359375
3 0.284766 0.389844 0.013281 0.079687
3 0.597656 0.414453 0.017188 0.100781
3 0.446094 0.372266 0.017188 0.091406
3 0.133984 0.458203 0.017969 0.110156
3 0.645703 0.477344 0.028906 0.148438
3 0.522266 0.377734 0.013281 0.086719
3 0.409375 0.379297 0.015625 0.058594
3 0.262891 0.464062 0.028906 0.143750
3 0.267188 0.405078 0.015625 0.063281
3 0.133594 0.613281 0.051562 0.179688
3 0.481250 0.749609 0.056250 0.267969
3 0.270703 0.659375 0.053906 0.221875
3 0.978125 0.703906 0.043750 0.214062
3 0.067969 0.442969 0.014063 0.101562
3 0.667578 0.671094 0.035156 0.251563
3 0.017969 0.493359 0.026562 0.117969
3 0.161328 0.393359 0.016406 0.092969
3 0.547266 0.424219 0.022656 0.110937
3 0.785547 0.487891 0.033594 0.150781
3 0.579688 0.372656 0.015625 0.089063
3 0.405469 0.491016 0.048438 0.153906
4 0.657422 0.689844 0.017969 0.035937
4 0.161719 0.433594 0.010937 0.020313
4 0.272266 0.484375 0.013281 0.021875
4 0.512500 0.366797 0.009375 0.017969
4 0.006250 0.623828 0.012500 0.038281
4 0.556641 0.368359 0.007031 0.014844
4 0.805469 0.492188 0.010937 0.018750
4 0.466797 0.714063 0.014844 0.021875