3 0.296094 0.454688 0.026562 0.140625
3 0.613281 0.373828 0.014063 0.085156
3 0.420312 0.889062 0.068750 0.084375
3 0.639453 0.413672 0.013281 0.067969
3 0.539453 0.381250 0.019531 0.065625
3 0.437500 0.371484 0.018750 0.092969
3 0.417578 0.502734 0.041406 0.161719
3 0.645312 0.490625 0.040625 0.150000
3 0.402734 0.420703 0.021094 0.088281
3 0.341797 0.368359 0.017969 0.083594
3 0.176172 0.603125 0.058594 0.165625
3 0.935547 0.674219 0.042969 0.210938
3 0.707422 0.658984 0.092969 0.242969
3 0.013672 0.488281 0.021094 0.114062
3 0.172266 0.382031 0.016406 0.076563
3 0.119531 0.488281 0.023438 0.123438
3 0.818750 0.502734 0.056250 0.142969
3 0.528125 0.428906 0.018750 0.114062
3 0.104297 0.435547 0.014844 0.089844
3 0.369922 0.688672 0.042969 0.233594
4 0.730859 0.139063 0.017969 0.028125
4 0.379297 0.199219 0.011719 0.020313
4 0.245703 0.416016 0.010156 0.016406
4 0.845703 0.424219 0.010156 0.020313
4 0.638281 0.359766 0.007812 0.013281
1 0.373828 0.408984 0.685156 0.146094