1 0.372656 0.409766 0.682813 0.144531
2 0.508594 0.783594 0.598437 0.039062
2 0.305078 0.592187 0.188281 0.346875
2 0.718750 0.602344 0.178125 0.354687
3 0.691406 0.433203 0.023438 0.116406
3 0.559766 0.336328 0.013281 0.069531
3 0.658203 0.570312 0.060156 0.175000
3 0.382812 0.326953 0.018750 0.028906
3 0.492578 0.369141 0.016406 0.044531
3 0.825391 0.446094 0.019531 0.039062
3 0.486719 0.321875 0.020313 0.040625
3 0.246094 0.498047 0.023438 0.164844
3 0.432031 0.376563 0.017188 0.093750
3 0.608984 0.452344 0.030469 0.145313
3 0.580078 0.341406 0.016406 0.070312
3 0.295703 0.469141 0.025781 0.103906
3 0.608203 0.323047 0.016406 0.039844
3 0.341016 0.431250 0.019531 0.131250
3 0.174609 0.895703 0.055469 0.207031
3 0.537891 0.580859 0.047656 0.183594
3 0.014453 0.946875 0.028906 0.106250
3 0.604688 0.366797 0.018750 0.061719
3 0.713672 0.787891 0.058594 0.200781
3 0.727734 0.467578 0.017969 0.135156
3 0.497266 0.431641 0.019531 0.094531
4 0.851953 0.761719 0.016406 0.023438
4 0.718750 0.787891 0.015625 0.025781
4 0.875391 0.783203 0.019531 0.032031
4 0.850781 0.741016 0.020313 0.028906
4 0.187109 0.511328 0.021094 0.038281
4 0.028125 0.975000 0.025000 0.050000
4 0.862891 0.770703 0.016406 0.028906
4 0.417578 0.577344 0.013281 0.026562