1 0.373437 0.417187 0.684375 0.156250
2 0.498828 0.783203 0.578906 0.041406
2 0.305469 0.591797 0.189062 0.349219
2 0.710938 0.583594 0.165625 0.326562
3 0.701172 0.447266 0.014844 0.116406
3 0.182031 0.925781 0.051562 0.148438
3 0.721484 0.807422 0.052344 0.311719
3 0.541797 0.357812 0.021094 0.065625
3 0.460156 0.339062 0.014063 0.059375
3 0.568359 0.458594 0.027344 0.135937
3 0.983203 0.966016 0.032031 0.069531
3 0.210547 0.511719 0.033594 0.160938
3 0.451953 0.341016 0.013281 0.063281
3 0.717578 0.625000 0.038281 0.125000
3 0.814453 0.955859 0.063281 0.089844
3 0.328906 0.544141 0.039062 0.188281
3 0.462109 0.433203 0.027344 0.128906
3 0.925781 0.920703 0.057813 0.157031
3 0.288672 0.454297 0.017969 0.136719
3 0.140234 0.773047 0.058594 0.258594
3 0.518359 0.389062 0.024219 0.071875
3 0.791016 0.866016 0.063281 0.266406
3 0.354687 0.434375 0.018750 0.131250
3 0.438672 0.387891 0.011719 0.078906
3 0.837500 0.453125 0.015625 0.040625
3 0.492578 0.344531 0.016406 0.079687
3 0.453125 0.592187 0.071875 0.156250
3 0.593359 0.382031 0.017969 0.089063
4 0.767188 0.901172 0.021875 0.036719
4 0.160547 0.501563 0.011719 0.025000
4 0.413281 0.332422 0.010937 0.017969
4 0.851172 0.737109 0.017969 0.030469
4 0.878125 0.780078 0.015625 0.032031