1 0.372656 0.386328 0.682813 0.091406
2 0.293359 0.779687 0.167969 0.031250
2 0.508594 0.782422 0.598437 0.039844
2 0.724609 0.786328 0.167969 0.025781
2 0.303516 0.592187 0.188281 0.346875
2 0.716016 0.594141 0.185156 0.369531
3 0.322266 0.946484 0.066406 0.105469
3 0.657422 0.403516 0.030469 0.094531
3 0.114062 0.991016 0.028125 0.019531
3 0.586719 0.344141 0.014063 0.063281
3 0.576953 0.338672 0.016406 0.071094
3 0.825391 0.446875 0.019531 0.040625
3 0.427734 0.358984 0.014844 0.074219
3 0.741797 0.425781 0.021094 0.101562
3 0.597656 0.455859 0.032813 0.133594
3 0.301172 0.495312 0.030469 0.153125
3 0.317578 0.452734 0.025781 0.136719
3 0.073828 0.937500 0.044531 0.125000
3 0.540625 0.586719 0.056250 0.164062
3 0.688672 0.571484 0.036719 0.217969
3 0.490625 0.323828 0.015625 0.041406
3 0.491016 0.391797 0.016406 0.089844
3 0.423828 0.431641 0.022656 0.132031
3 0.338672 0.426172 0.021094 0.133594
3 0.558984 0.337891 0.017969 0.069531
3 0.721484 0.463281 0.024219 0.135937
4 0.855078 0.763281 0.016406 0.023438
4 0.851562 0.744531 0.018750 0.029687
4 0.088281 0.970313 0.017188 0.040625
4 0.870313 0.770312 0.015625 0.028125
4 0.879297 0.782813 0.017969 0.028125