1 0.524609 0.384766 0.380469 0.088281
1 0.373047 0.383594 0.683594 0.089063
2 0.508203 0.782422 0.597656 0.039844
2 0.305469 0.591406 0.189062 0.348438
2 0.716406 0.595313 0.185938 0.368750
3 0.098828 0.898828 0.066406 0.203906
3 0.498047 0.320312 0.017969 0.040625
3 0.673828 0.514844 0.025781 0.164062
3 0.825391 0.445703 0.019531 0.041406
3 0.602734 0.444531 0.027344 0.123438
3 0.095703 0.630859 0.041406 0.196094
3 0.348047 0.430859 0.024219 0.130469
3 0.731641 0.463672 0.019531 0.130469
3 0.337109 0.453125 0.027344 0.134375
3 0.443359 0.469531 0.033594 0.135937
3 0.529297 0.594531 0.030469 0.195312
3 0.694922 0.776953 0.080469 0.291406
3 0.021875 0.837109 0.043750 0.164844
3 0.544141 0.344922 0.016406 0.055469
3 0.454297 0.324609 0.017969 0.036719
3 0.459375 0.410156 0.018750 0.114062
3 0.618750 0.360938 0.012500 0.078125
3 0.483203 0.426172 0.028906 0.111719
4 0.869141 0.762891 0.013281 0.016406
4 0.853125 0.760547 0.015625 0.024219
4 0.849609 0.740625 0.017969 0.028125
4 0.118750 0.883203 0.021875 0.041406
4 0.101172 0.608203 0.014844 0.028906
4 0.876172 0.784375 0.017969 0.031250
4 0.022266 0.753516 0.016406 0.035156
4 0.862891 0.773828 0.016406 0.028906