1 0.372266 0.419531 0.682031 0.154688
2 0.508984 0.782422 0.596094 0.039844
2 0.302734 0.596094 0.186719 0.348438
2 0.719141 0.601172 0.178906 0.355469
3 0.365625 0.408594 0.025000 0.045312
3 0.663281 0.432422 0.023438 0.111719
3 0.751172 0.433984 0.014844 0.108594
3 0.539453 0.343750 0.016406 0.078125
3 0.590234 0.353906 0.014844 0.070312
3 0.623828 0.450000 0.038281 0.143750
3 0.825000 0.446094 0.018750 0.039062
3 0.428516 0.339453 0.013281 0.066406
3 0.301563 0.578516 0.037500 0.213281
3 0.578906 0.339062 0.017188 0.068750
3 0.736328 0.461328 0.022656 0.135156
3 0.316797 0.448437 0.030469 0.128125
3 0.261719 0.760156 0.070312 0.310937
3 0.149219 0.878516 0.070312 0.244531
3 0.504297 0.604297 0.036719 0.199219
3 0.855078 0.563672 0.035156 0.171094
3 0.332422 0.438672 0.021094 0.114844
3 0.714063 0.583203 0.040625 0.219531
3 0.077344 0.950000 0.154688 0.100000
3 0.487891 0.338672 0.016406 0.071094
3 0.495703 0.380469 0.013281 0.079687
3 0.554688 0.332813 0.018750 0.081250
3 0.600391 0.346094 0.013281 0.070312
3 0.426953 0.433594 0.032031 0.126562
3 0.851953 0.742969 0.013281 0.029687
3 0.881250 0.785937 0.015625 0.034375