1 0.374219 0.382031 0.682813 0.089063
1 0.374219 0.395703 0.682813 0.116406
2 0.293359 0.779687 0.167969 0.031250
2 0.508203 0.782422 0.597656 0.039844
2 0.724219 0.786328 0.167187 0.025781
2 0.305078 0.590234 0.188281 0.349219
2 0.508984 0.789844 0.258594 0.026562
2 0.729297 0.619141 0.158594 0.319531
3 0.156641 0.876563 0.100781 0.246875
3 0.639844 0.469531 0.026562 0.148438
3 0.536328 0.344531 0.016406 0.051562
3 0.444922 0.457813 0.036719 0.134375
3 0.453516 0.341016 0.016406 0.075781
3 0.528906 0.423438 0.017188 0.109375
3 0.625781 0.442188 0.017188 0.115625
3 0.203516 0.366797 0.019531 0.089844
3 0.427734 0.878125 0.077344 0.106250
3 0.097266 0.439844 0.022656 0.098437
3 0.026953 0.808594 0.053906 0.304688
3 0.802344 0.492188 0.029687 0.153125
3 0.410156 0.419531 0.020313 0.101562
3 0.182031 0.465625 0.020313 0.125000
3 0.317578 0.463672 0.025781 0.142969
3 0.265234 0.420312 0.021094 0.115625
3 0.039453 0.461328 0.019531 0.116406
3 0.593750 0.348828 0.015625 0.085156
4 0.173047 0.538281 0.011719 0.023438
4 0.162500 0.219141 0.009375 0.019531