1 0.372656 0.385156 0.682813 0.085938
1 0.373047 0.411328 0.683594 0.138281
1 0.372656 0.385547 0.682813 0.086719
1 0.524609 0.383984 0.377344 0.083594
1 0.829297 0.290625 0.024219 0.059375
2 0.508594 0.782422 0.598437 0.039844
2 0.302344 0.594922 0.182812 0.342969
2 0.716016 0.595313 0.185156 0.368750
3 0.766406 0.469531 0.020313 0.114062
3 0.347266 0.420703 0.016406 0.103906
3 0.517578 0.373828 0.016406 0.094531
3 0.564453 0.465625 0.032031 0.131250
3 0.837109 0.453906 0.014844 0.039062
3 0.446484 0.348047 0.017969 0.083594
3 0.594922 0.380859 0.017969 0.096094
3 0.166797 0.935937 0.074219 0.128125
3 0.146484 0.771484 0.074219 0.255469
3 0.310547 0.455078 0.021094 0.144531
3 0.824219 0.963281 0.032813 0.073438
3 0.703125 0.446875 0.015625 0.115625
3 0.729688 0.461328 0.021875 0.128906
3 0.360547 0.560937 0.055469 0.178125
3 0.422266 0.881250 0.044531 0.096875
3 0.463672 0.600781 0.064844 0.173437
3 0.299609 0.972656 0.039844 0.054688
3 0.832031 0.913281 0.073438 0.173437
3 0.466797 0.395313 0.017969 0.093750
3 0.404297 0.401172 0.021094 0.099219
3 0.732031 0.865625 0.051562 0.268750
3 0.549609 0.346875 0.017969 0.081250
3 0.181250 0.532813 0.031250 0.156250
3 0.660156 0.371094 0.017188 0.076563
4 0.855078 0.760938 0.016406 0.025000
4 0.438672 0.352734 0.005469 0.011719
4 0.167578 0.507422 0.010156 0.017969
4 0.876953 0.782813 0.019531 0.031250
4 0.851562 0.741016 0.018750 0.028906
4 0.865234 0.770703 0.017969 0.028906
4 0.379297 0.375000 0.011719 0.021875
4 0.872656 0.761328 0.014063 0.016406