1 0.373437 0.385156 0.684375 0.089063
2 0.305078 0.592187 0.188281 0.346875
2 0.482031 0.784375 0.545312 0.040625
2 0.719531 0.601953 0.179688 0.360156
3 0.732422 0.456641 0.014844 0.116406
3 0.469531 0.594531 0.064062 0.160938
3 0.682422 0.569141 0.049219 0.253906
3 0.768750 0.850000 0.062500 0.300000
3 0.891016 0.965625 0.032031 0.068750
3 0.243359 0.454297 0.024219 0.083594
3 0.606641 0.327734 0.010156 0.039844
3 0.280469 0.449219 0.029687 0.135937
3 0.354687 0.574609 0.053125 0.171094
3 0.210938 0.491016 0.034375 0.135156
3 0.546484 0.421484 0.024219 0.111719
3 0.243359 0.443750 0.024219 0.059375
3 0.489453 0.347266 0.019531 0.082031
3 0.599609 0.393359 0.024219 0.083594
3 0.839844 0.899219 0.079687 0.201563
3 0.488672 0.454688 0.027344 0.125000
3 0.436328 0.384766 0.016406 0.075781
3 0.657422 0.362500 0.014844 0.075000
3 0.741797 0.465234 0.014844 0.136719
3 0.520703 0.368359 0.019531 0.071094
4 0.444531 0.309766 0.010937 0.019531
4 0.866016 0.776172 0.019531 0.033594
4 0.307031 0.421484 0.010937 0.017969
4 0.862891 0.771094 0.022656 0.045312
4 0.826953 0.810156 0.022656 0.048438
4 0.845703 0.732812 0.016406 0.031250