1 0.523047 0.386328 0.383594 0.088281
1 0.373047 0.385547 0.683594 0.089844
2 0.496484 0.782813 0.574219 0.040625
2 0.305078 0.591406 0.188281 0.348438
2 0.704297 0.569922 0.149219 0.289844
3 0.780859 0.526172 0.030469 0.171094
3 0.640234 0.383984 0.014844 0.064844
3 0.549609 0.348828 0.017969 0.078906
3 0.496484 0.458594 0.030469 0.123438
3 0.451172 0.333984 0.017969 0.064844
3 0.158984 0.621094 0.039844 0.201563
3 0.471094 0.338672 0.017188 0.064844
3 0.430078 0.350781 0.016406 0.110937
3 0.316406 0.450000 0.017188 0.121875
3 0.701953 0.448437 0.016406 0.115625
3 0.739453 0.460156 0.019531 0.129688
3 0.825781 0.991016 0.032813 0.016406
3 0.306250 0.456641 0.040625 0.138281
3 0.146094 0.773828 0.073438 0.257031
3 0.470703 0.602344 0.057031 0.154688
3 0.869922 0.943359 0.052344 0.111719
3 0.759766 0.920312 0.053906 0.159375
3 0.590625 0.386719 0.021875 0.095312
3 0.794531 0.826562 0.057813 0.265625
3 0.456641 0.431641 0.022656 0.128906
3 0.354687 0.570703 0.059375 0.160156
3 0.355469 0.430078 0.020313 0.132031
3 0.516016 0.364063 0.016406 0.071875
3 0.837109 0.453125 0.014844 0.040625
3 0.147656 0.526563 0.026562 0.131250
4 0.729688 0.913672 0.025000 0.046094
4 0.872656 0.762109 0.014063 0.017969
4 0.876953 0.781641 0.019531 0.032031
4 0.149609 0.661719 0.011719 0.023438
4 0.462891 0.590625 0.010156 0.021875
4 0.864453 0.772266 0.016406 0.028906
4 0.849609 0.741797 0.017969 0.030469
4 0.855078 0.760938 0.016406 0.025000