3 0.285156 0.458984 0.032813 0.146094
3 0.592187 0.351562 0.015625 0.071875
3 0.610156 0.432422 0.020313 0.111719
3 0.505859 0.856641 0.092969 0.157031
3 0.440625 0.495312 0.031250 0.159375
3 0.323047 0.345313 0.014844 0.059375
3 0.455078 0.349609 0.016406 0.083594
3 0.643359 0.455859 0.027344 0.142969
3 0.240625 0.437109 0.018750 0.124219
3 0.190234 0.371484 0.014844 0.080469
3 0.095703 0.689063 0.060156 0.250000
3 0.091016 0.435937 0.016406 0.106250
3 0.400391 0.431641 0.022656 0.116406
3 0.028516 0.474219 0.019531 0.114062
3 0.801953 0.489844 0.044531 0.151562
3 0.800391 0.839844 0.088281 0.320312
3 0.532422 0.426172 0.021094 0.114844
3 0.530859 0.341797 0.017969 0.055469
3 0.377734 0.676172 0.067969 0.214844
3 0.176563 0.464453 0.021875 0.116406
4 0.640234 0.326562 0.011719 0.025000
4 0.362891 0.586328 0.013281 0.025781
4 0.485156 0.912109 0.020313 0.039844
4 0.890234 0.396484 0.014844 0.021094
4 0.097266 0.326562 0.007031 0.015625
1 0.373047 0.426563 0.683594 0.168750
1 0.504297 0.386328 0.424219 0.088281
2 0.496484 0.782422 0.574219 0.039844
2 0.712500 0.788672 0.143750 0.021094
2 0.300781 0.598437 0.179688 0.334375
2 0.722656 0.604688 0.145313 0.290625