1 0.373047 0.384375 0.683594 0.093750
2 0.500000 0.784375 0.581250 0.040625
2 0.305469 0.591797 0.189062 0.349219
2 0.713281 0.589063 0.179688 0.356250
4 0.766406 0.919141 0.020313 0.044531
3 0.755078 0.528516 0.025781 0.160156
3 0.324609 0.774609 0.083594 0.264844
3 0.428516 0.375000 0.019531 0.096875
3 0.568750 0.341797 0.015625 0.067969
3 0.517969 0.467578 0.032813 0.138281
3 0.476172 0.587109 0.039844 0.189844
3 0.729688 0.736719 0.046875 0.270313
3 0.246875 0.457422 0.025000 0.089844
3 0.792188 0.870703 0.084375 0.257031
3 0.698828 0.444922 0.016406 0.114844
3 0.737500 0.466406 0.018750 0.129688
3 0.352734 0.562109 0.046094 0.189844
3 0.293750 0.454297 0.025000 0.139844
3 0.491406 0.341406 0.017188 0.060937
3 0.455859 0.354297 0.014844 0.080469
3 0.093359 0.476562 0.024219 0.115625
3 0.595703 0.386328 0.019531 0.094531
3 0.488672 0.423828 0.017969 0.116406
3 0.814844 0.926562 0.085938 0.146875
3 0.733594 0.820312 0.073438 0.290625
3 0.526563 0.378125 0.021875 0.056250
3 0.650391 0.364844 0.019531 0.089063