1 0.373437 0.408984 0.684375 0.142969
2 0.293750 0.779297 0.168750 0.033594
2 0.508594 0.782422 0.598437 0.039844
2 0.724609 0.786719 0.167969 0.026562
2 0.304688 0.592187 0.187500 0.346875
2 0.717578 0.600000 0.178906 0.359375
3 0.354297 0.448047 0.039844 0.136719
3 0.595703 0.374219 0.022656 0.085938
3 0.602734 0.438281 0.021094 0.110937
3 0.526563 0.391016 0.021875 0.078906
3 0.517578 0.423438 0.019531 0.103125
3 0.706641 0.638672 0.047656 0.249219
3 0.414062 0.337109 0.015625 0.067969
3 0.120703 0.500000 0.028906 0.115625
3 0.651563 0.484375 0.034375 0.150000
3 0.262109 0.424219 0.021094 0.110937
3 0.416016 0.428125 0.025781 0.115625
3 0.177734 0.386719 0.014844 0.085938
3 0.110156 0.650391 0.060937 0.228906
3 0.467578 0.876172 0.075781 0.117969
3 0.439844 0.552344 0.032813 0.085938
3 0.960547 0.664844 0.055469 0.201563
3 0.119922 0.431250 0.017969 0.090625
3 0.290234 0.378906 0.014844 0.095312
3 0.452734 0.374219 0.017969 0.085938
3 0.831641 0.539844 0.044531 0.110937
3 0.386719 0.664062 0.051562 0.221875
4 0.698047 0.485938 0.011719 0.028125