1 0.169141 0.387891 0.275781 0.078906
1 0.505078 0.385937 0.419531 0.084375
2 0.305078 0.591406 0.185156 0.345313
2 0.510156 0.781641 0.598437 0.041406
2 0.716016 0.595313 0.185156 0.368750
3 0.766797 0.445703 0.021094 0.107031
3 0.779687 0.430469 0.015625 0.064062
3 0.217188 0.637500 0.046875 0.231250
3 0.584766 0.383984 0.016406 0.089844
3 0.721484 0.570703 0.039844 0.157031
3 0.500781 0.642969 0.048438 0.223438
3 0.637891 0.707812 0.057031 0.240625
3 0.664062 0.595313 0.034375 0.165625
3 0.837109 0.451953 0.014844 0.041406
3 0.941797 0.599609 0.036719 0.167969
3 0.340234 0.430078 0.014844 0.141406
3 0.778906 0.522266 0.029687 0.169531
3 0.284766 0.541406 0.038281 0.189062
3 0.542578 0.319141 0.019531 0.041406
3 0.322266 0.414062 0.016406 0.103125
3 0.704297 0.759375 0.071094 0.318750
3 0.056250 0.627344 0.040625 0.204687
3 0.257422 0.439453 0.024219 0.119531
3 0.391016 0.371484 0.016406 0.086719
3 0.543359 0.444531 0.027344 0.129688
3 0.847656 0.579297 0.029687 0.180469
3 0.482422 0.596875 0.030469 0.196875
3 0.416797 0.617188 0.036719 0.234375
3 0.182031 0.547656 0.026562 0.170313
3 0.166406 0.531641 0.029687 0.157031
4 0.176172 0.530859 0.011719 0.021094
4 0.659375 0.689453 0.015625 0.025781
4 0.287109 0.521875 0.011719 0.021875
4 0.683984 0.683594 0.011719 0.029687