1 0.372266 0.385547 0.688281 0.086719
2 0.521875 0.783203 0.575000 0.038281
2 0.309375 0.583984 0.181250 0.333594
2 0.717187 0.598047 0.181250 0.358594
3 0.748828 0.530859 0.028906 0.164844
3 0.201953 0.648828 0.044531 0.244531
3 0.555859 0.904687 0.055469 0.065625
3 0.395703 0.582031 0.032031 0.189062
3 0.449609 0.463281 0.033594 0.139063
3 0.513281 0.568750 0.048438 0.175000
3 0.423828 0.388672 0.016406 0.083594
3 0.538281 0.446094 0.017188 0.120313
3 0.166797 0.530469 0.021094 0.164062
3 0.587109 0.442188 0.021094 0.115625
3 0.187109 0.494141 0.021094 0.119531
3 0.578125 0.343750 0.015625 0.075000
3 0.244531 0.465234 0.029687 0.139844
3 0.460938 0.381250 0.015625 0.103125
3 0.322656 0.425781 0.014063 0.120313
3 0.297656 0.508984 0.023438 0.167969
3 0.822656 0.519531 0.039062 0.154688
3 0.032422 0.588672 0.036719 0.099219
3 0.261719 0.440625 0.020313 0.121875
3 0.271875 0.439063 0.018750 0.121875
3 0.376172 0.537500 0.036719 0.221875
3 0.693750 0.603906 0.043750 0.223438
3 0.352734 0.695703 0.071094 0.266406
3 0.592578 0.366016 0.016406 0.057031
3 0.743359 0.483203 0.030469 0.150781
4 0.751172 0.527734 0.011719 0.017969
4 0.473047 0.371094 0.008594 0.010937
4 0.499219 0.550781 0.010937 0.029687
4 0.608984 0.921484 0.027344 0.030469
4 0.304297 0.482031 0.008594 0.020313
4 0.586719 0.923828 0.020313 0.028906
4 0.267969 0.491797 0.010937 0.021094
4 0.361328 0.509375 0.010156 0.015625