3 0.128516 0.905859 0.088281 0.189844
3 0.594531 0.349219 0.014063 0.076563
3 0.629297 0.442188 0.017969 0.115625
3 0.524609 0.349609 0.017969 0.083594
3 0.415234 0.459375 0.027344 0.134375
3 0.455469 0.346094 0.020313 0.079687
3 0.513672 0.417187 0.014844 0.100000
3 0.269922 0.412500 0.017969 0.093750
3 0.648828 0.455859 0.022656 0.136719
3 0.195703 0.453906 0.025781 0.104688
3 0.412109 0.392969 0.017969 0.045312
3 0.280859 0.466406 0.033594 0.145313
3 0.351953 0.348438 0.013281 0.078125
3 0.040625 0.773828 0.071875 0.282031
3 0.426953 0.878906 0.075781 0.104688
3 0.205859 0.372656 0.014844 0.076563
3 0.028516 0.472656 0.016406 0.114062
3 0.793359 0.506250 0.030469 0.168750
3 0.826953 0.850000 0.082031 0.300000
3 0.103906 0.433594 0.020313 0.114062
3 0.795703 0.428906 0.028906 0.064062
4 0.035547 0.673047 0.017969 0.033594
4 0.757422 0.495703 0.014844 0.025781
1 0.374219 0.384375 0.682813 0.090625
1 0.524609 0.385156 0.380469 0.089063
1 0.375000 0.438281 0.684375 0.198437
1 0.183203 0.387109 0.303906 0.080469