1 0.373437 0.402344 0.684375 0.126562
1 0.523828 0.382422 0.382031 0.080469
2 0.508203 0.782422 0.597656 0.039844
2 0.292578 0.613281 0.163281 0.304688
2 0.717578 0.598437 0.178906 0.359375
3 0.625391 0.359375 0.016406 0.056250
3 0.411719 0.889453 0.067187 0.082031
3 0.618750 0.432812 0.034375 0.103125
3 0.547656 0.384375 0.023438 0.100000
3 0.311328 0.357812 0.013281 0.065625
3 0.651172 0.484766 0.036719 0.153906
3 0.263672 0.463281 0.039844 0.114062
3 0.179297 0.385156 0.014844 0.089063
3 0.385547 0.425000 0.027344 0.109375
3 0.159766 0.567187 0.035156 0.171875
3 0.466797 0.513281 0.033594 0.135937
3 0.983203 0.681250 0.032031 0.200000
3 0.101562 0.430078 0.012500 0.085156
3 0.762891 0.701562 0.066406 0.278125
3 0.012109 0.491016 0.021094 0.128906
3 0.412500 0.389453 0.025000 0.085156
3 0.511328 0.424219 0.050781 0.101562
3 0.123047 0.475391 0.017969 0.116406
3 0.245312 0.426563 0.021875 0.103125
3 0.842578 0.532031 0.028906 0.160938
3 0.369141 0.680469 0.047656 0.226562
4 0.479297 0.376953 0.008594 0.019531
4 0.396875 0.332422 0.009375 0.014844
4 0.724609 0.195703 0.014844 0.025781
4 0.111328 0.302734 0.010156 0.017969