1 0.374219 0.389062 0.682813 0.093750
2 0.293359 0.779687 0.167969 0.031250
2 0.508984 0.782422 0.599219 0.039844
2 0.303516 0.591406 0.188281 0.348438
2 0.718359 0.598047 0.180469 0.355469
3 0.599609 0.396875 0.030469 0.078125
3 0.698047 0.445703 0.017969 0.113281
3 0.565625 0.350391 0.018750 0.053906
3 0.525391 0.394141 0.016406 0.082031
3 0.561328 0.457422 0.028906 0.136719
3 0.755078 0.836719 0.072656 0.279687
3 0.837500 0.452734 0.015625 0.039844
3 0.929297 0.981641 0.036719 0.035156
3 0.190234 0.557031 0.030469 0.204687
3 0.445703 0.353125 0.016406 0.093750
3 0.744922 0.464062 0.017969 0.128125
3 0.294531 0.454297 0.020313 0.136719
3 0.350781 0.563281 0.051562 0.198437
3 0.146875 0.776563 0.071875 0.253125
3 0.460547 0.338672 0.014844 0.071094
3 0.512891 0.419531 0.025781 0.101562
3 0.355078 0.434375 0.025781 0.115625
3 0.428516 0.341797 0.019531 0.071094
3 0.803906 0.892188 0.076563 0.215625
3 0.708203 0.598437 0.047656 0.218750
3 0.481641 0.340234 0.019531 0.074219
3 0.476953 0.592187 0.053906 0.181250