1 0.371484 0.386719 0.683594 0.095312
2 0.316797 0.570312 0.171094 0.315625
2 0.721094 0.608203 0.173437 0.341406
3 0.417969 0.433594 0.023438 0.123438
3 0.639844 0.398438 0.017188 0.084375
3 0.742969 0.425391 0.017188 0.103906
3 0.587891 0.345313 0.022656 0.078125
3 0.544141 0.583984 0.044531 0.183594
3 0.592578 0.453516 0.028906 0.141406
3 0.489063 0.344141 0.015625 0.078906
3 0.336328 0.432031 0.019531 0.126562
3 0.720703 0.463672 0.028906 0.133594
3 0.692187 0.449609 0.021875 0.111719
3 0.296875 0.507422 0.031250 0.171094
3 0.203516 0.763281 0.063281 0.279687
3 0.798828 0.531641 0.025781 0.166406
3 0.367578 0.575391 0.041406 0.194531
3 0.935547 0.646484 0.046094 0.236719
3 0.731641 0.569922 0.044531 0.167969
3 0.140625 0.944141 0.056250 0.110156
3 0.522266 0.322266 0.016406 0.041406
3 0.439453 0.384375 0.016406 0.084375
3 0.530078 0.383984 0.016406 0.067969
3 0.564844 0.340625 0.017188 0.068750
3 0.184375 0.989062 0.031250 0.021875
4 0.869922 0.769531 0.014844 0.026562
4 0.879297 0.783203 0.017969 0.028906
4 0.851953 0.743359 0.019531 0.030469
4 0.230859 0.745703 0.014844 0.025781