1 0.372656 0.383594 0.682813 0.085938
2 0.508594 0.782422 0.598437 0.039844
2 0.305078 0.591406 0.188281 0.348438
2 0.717187 0.600000 0.181250 0.359375
3 0.697656 0.461328 0.014063 0.088281
3 0.145703 0.894531 0.075781 0.210938
3 0.641406 0.351172 0.017188 0.071094
3 0.510156 0.586719 0.029687 0.185938
3 0.587109 0.450000 0.021094 0.140625
3 0.680859 0.571875 0.046094 0.215625
3 0.825391 0.446875 0.019531 0.040625
3 0.286328 0.485547 0.028906 0.142969
3 0.333984 0.431250 0.014844 0.134375
3 0.696484 0.989844 0.030469 0.020313
3 0.308594 0.450781 0.023438 0.135937
3 0.478516 0.376563 0.022656 0.071875
3 0.432812 0.361719 0.015625 0.060937
3 0.075391 0.876172 0.078906 0.249219
3 0.575000 0.339844 0.015625 0.079687
3 0.723828 0.465234 0.022656 0.136719
3 0.436719 0.437500 0.023438 0.115625
3 0.519141 0.366406 0.016406 0.076563
3 0.563281 0.342187 0.014063 0.065625
3 0.487891 0.348047 0.016406 0.089844
3 0.591016 0.335547 0.019531 0.080469
4 0.851562 0.743359 0.018750 0.030469
4 0.878906 0.785156 0.010937 0.032813