1 0.373047 0.386719 0.683594 0.089063
2 0.510156 0.782422 0.598437 0.039844
2 0.304297 0.592187 0.189844 0.350000
2 0.718359 0.599609 0.180469 0.358594
3 0.695703 0.449609 0.016406 0.105469
3 0.479297 0.591016 0.046094 0.188281
3 0.530078 0.386719 0.028906 0.070312
3 0.549609 0.560156 0.033594 0.198437
3 0.571484 0.461328 0.042969 0.132031
3 0.598047 0.393750 0.027344 0.068750
3 0.845313 0.953125 0.062500 0.093750
3 0.654687 0.501172 0.028125 0.167969
3 0.277734 0.516016 0.027344 0.141406
3 0.448047 0.385937 0.011719 0.068750
3 0.355078 0.565234 0.053906 0.189844
3 0.287891 0.446875 0.022656 0.134375
3 0.473438 0.430859 0.015625 0.121094
3 0.462500 0.385937 0.018750 0.071875
3 0.498047 0.348047 0.011719 0.080469
3 0.169141 0.615234 0.050781 0.239844
3 0.267578 0.415625 0.016406 0.059375
3 0.481250 0.322266 0.015625 0.041406
3 0.816797 0.869141 0.071094 0.263281
3 0.458984 0.323828 0.014844 0.038281
3 0.741016 0.467187 0.019531 0.134375
3 0.630469 0.356250 0.017188 0.090625
4 0.629687 0.317188 0.012500 0.015625
4 0.549219 0.528125 0.014063 0.028125
4 0.853125 0.769531 0.015625 0.029687
4 0.864844 0.777734 0.020313 0.033594
4 0.833203 0.735938 0.013281 0.018750
4 0.845703 0.733203 0.016406 0.032031
4 0.148828 0.489063 0.013281 0.028125
4 0.270703 0.429297 0.013281 0.024219
4 0.861719 0.756250 0.014063 0.018750