1 0.373047 0.383203 0.683594 0.088281
2 0.508984 0.784375 0.599219 0.040625
2 0.491797 0.563672 0.417969 0.017969
2 0.724609 0.786719 0.167969 0.026562
2 0.305078 0.591797 0.188281 0.346094
2 0.726172 0.616406 0.161719 0.326562
3 0.613672 0.377344 0.024219 0.073438
3 0.494141 0.810156 0.069531 0.251563
3 0.641016 0.424609 0.022656 0.105469
3 0.414062 0.430469 0.031250 0.110937
3 0.832031 0.491797 0.026562 0.149219
3 0.533594 0.424219 0.020313 0.110937
3 0.274609 0.417187 0.027344 0.093750
3 0.623828 0.478906 0.028906 0.164062
3 0.263281 0.484766 0.029687 0.153906
3 0.803516 0.494531 0.025781 0.154688
3 0.203125 0.613672 0.053125 0.221094
3 0.980469 0.681641 0.039062 0.210156
3 0.314453 0.359375 0.013281 0.068750
3 0.704297 0.673828 0.089844 0.241406
3 0.029687 0.477734 0.025000 0.121094
3 0.175391 0.387500 0.013281 0.093750
3 0.449219 0.372266 0.017188 0.091406
3 0.121484 0.488281 0.027344 0.114062
3 0.517578 0.380859 0.019531 0.089844
3 0.098047 0.420312 0.014844 0.093750
3 0.376953 0.714453 0.085156 0.213281
3 0.426953 0.503906 0.038281 0.160938
4 0.405469 0.455859 0.017188 0.033594
4 0.650000 0.206250 0.018750 0.034375