1 0.373047 0.383203 0.683594 0.088281
1 0.373047 0.421094 0.683594 0.164062
2 0.508203 0.782422 0.597656 0.039844
2 0.724219 0.786328 0.167187 0.025781
2 0.306250 0.589063 0.190625 0.353125
2 0.726953 0.619531 0.160156 0.320312
3 0.598047 0.351562 0.014844 0.078125
3 0.626563 0.441016 0.015625 0.116406
3 0.144141 0.944531 0.075781 0.110937
3 0.442578 0.465234 0.022656 0.146094
3 0.323828 0.345703 0.016406 0.060156
3 0.837500 0.451953 0.015625 0.041406
3 0.640625 0.457031 0.025000 0.139063
3 0.531250 0.363672 0.015625 0.067969
3 0.192969 0.367188 0.017188 0.071875
3 0.166016 0.893359 0.060156 0.214844
3 0.430859 0.878125 0.077344 0.106250
3 0.085547 0.444922 0.021094 0.105469
3 0.023438 0.781641 0.046875 0.307031
3 0.416406 0.432812 0.023438 0.115625
3 0.200781 0.457422 0.017188 0.117969
3 0.301172 0.456641 0.024219 0.141406
3 0.242578 0.444531 0.019531 0.126562
3 0.026562 0.475391 0.015625 0.116406
3 0.808203 0.512891 0.035156 0.169531
3 0.880078 0.807813 0.122656 0.384375
3 0.516797 0.422656 0.017969 0.114062
4 0.932422 0.931250 0.021094 0.031250
4 0.380859 0.665625 0.011719 0.028125