1 0.374219 0.387109 0.682813 0.089844
2 0.293359 0.779687 0.167969 0.031250
2 0.508594 0.782422 0.598437 0.039844
2 0.724609 0.787500 0.167969 0.025000
2 0.304297 0.592187 0.189844 0.350000
2 0.716016 0.598047 0.182031 0.361719
3 0.150391 0.905469 0.075781 0.189062
3 0.422656 0.341406 0.014063 0.070312
3 0.835156 0.451953 0.017188 0.041406
3 0.560937 0.408594 0.025000 0.051562
3 0.199219 0.517188 0.026562 0.171875
3 0.533594 0.326953 0.020313 0.041406
3 0.537500 0.338672 0.028125 0.064844
3 0.439063 0.384766 0.015625 0.088281
3 0.495703 0.589063 0.050781 0.168750
3 0.297266 0.558984 0.038281 0.192969
3 0.226562 0.462891 0.028125 0.119531
3 0.066016 0.940625 0.069531 0.118750
3 0.737500 0.468750 0.018750 0.131250
3 0.525391 0.400391 0.035156 0.063281
3 0.755859 0.495312 0.030469 0.146875
3 0.466406 0.426172 0.020313 0.111719
3 0.352344 0.433984 0.017188 0.133594
3 0.317578 0.457422 0.028906 0.139844
3 0.699609 0.446875 0.017969 0.109375
3 0.613281 0.569531 0.051562 0.170313
3 0.156250 0.836719 0.065625 0.245312
4 0.854688 0.760547 0.015625 0.024219
4 0.448047 0.304297 0.008594 0.014844
4 0.876953 0.783203 0.019531 0.032031
4 0.849609 0.741016 0.017969 0.028906
4 0.312109 0.445312 0.008594 0.015625
4 0.872656 0.762891 0.014063 0.019531
4 0.865625 0.771094 0.018750 0.029687
4 0.548828 0.339844 0.007031 0.010937