4 0.623437 0.260937 0.015625 0.031250
4 0.956641 0.382422 0.016406 0.033594
4 0.440234 0.357422 0.011719 0.017969
2 0.373828 0.383203 0.685156 0.088281
2 0.373047 0.453906 0.683594 0.223438
2 0.502734 0.383594 0.424219 0.085938
2 0.293359 0.777734 0.167969 0.030469
2 0.723047 0.786719 0.167969 0.026562
2 0.510156 0.782422 0.598437 0.039844
2 0.304297 0.591406 0.189844 0.348438
2 0.516797 0.796094 0.239844 0.014063
2 0.511328 0.565234 0.378906 0.014844
2 0.725781 0.614062 0.164062 0.328125
1 0.373828 0.383203 0.685156 0.088281
1 0.373047 0.453906 0.683594 0.223438
1 0.502734 0.383594 0.424219 0.085938
3 0.608203 0.371484 0.013281 0.086719
3 0.633203 0.398047 0.016406 0.036719
3 0.508594 0.361328 0.017188 0.063281
3 0.445703 0.502344 0.038281 0.164062
3 0.129297 0.480859 0.017969 0.121094
3 0.337109 0.373437 0.014844 0.093750
3 0.628125 0.490625 0.028125 0.153125
3 0.419922 0.436328 0.024219 0.091406
3 0.160547 0.383984 0.024219 0.099219
3 0.116406 0.757812 0.070312 0.293750
3 0.501563 0.719922 0.065625 0.283594
3 0.254297 0.478906 0.027344 0.148438
3 0.985547 0.744922 0.030469 0.164844
3 0.083594 0.435937 0.014063 0.096875
3 0.268359 0.431250 0.014844 0.115625
3 0.008203 0.510547 0.016406 0.136719
3 0.451562 0.372656 0.015625 0.089063
3 0.723437 0.655859 0.053125 0.258594
3 0.505469 0.430078 0.017188 0.082031
3 0.382812 0.677734 0.059375 0.246094
3 0.844531 0.501953 0.039062 0.153906