1 0.373047 0.400781 0.683594 0.123438
2 0.508203 0.782422 0.597656 0.039844
2 0.303516 0.592187 0.188281 0.346875
2 0.722656 0.608203 0.170313 0.341406
3 0.458203 0.320703 0.016406 0.041406
3 0.698047 0.446875 0.014844 0.115625
3 0.637891 0.370703 0.016406 0.075781
3 0.508984 0.568359 0.027344 0.183594
3 0.651953 0.569531 0.041406 0.198437
3 0.628516 0.471484 0.032031 0.139844
3 0.825391 0.445703 0.019531 0.041406
3 0.259375 0.469531 0.025000 0.148438
3 0.344141 0.428906 0.019531 0.129688
3 0.461719 0.355859 0.014063 0.058594
3 0.368359 0.451953 0.030469 0.138281
3 0.030078 0.908984 0.053906 0.183594
3 0.500000 0.322266 0.018750 0.041406
3 0.731250 0.465234 0.018750 0.133594
3 0.184766 0.488672 0.025781 0.146094
3 0.617578 0.360156 0.013281 0.076563
3 0.437109 0.377344 0.014844 0.095312
3 0.523828 0.376563 0.013281 0.093750
3 0.469141 0.424609 0.022656 0.111719
4 0.869531 0.762891 0.014063 0.016406
4 0.614844 0.179688 0.010937 0.018750
4 0.853125 0.760547 0.015625 0.024219
4 0.849609 0.741016 0.017969 0.028906
4 0.042578 0.889844 0.016406 0.039062
4 0.876172 0.784375 0.017969 0.031250
4 0.005859 0.986328 0.011719 0.028906
4 0.864062 0.773047 0.015625 0.030469