1 0.373047 0.383203 0.683594 0.088281
2 0.508594 0.784375 0.598437 0.040625
2 0.305469 0.591406 0.189062 0.348438
2 0.511719 0.565234 0.379688 0.014844
2 0.722266 0.610156 0.169531 0.339062
3 0.668359 0.474219 0.033594 0.148438
3 0.630078 0.439844 0.016406 0.110937
3 0.591016 0.350391 0.025781 0.078906
3 0.633203 0.869531 0.088281 0.226562
3 0.615625 0.458594 0.037500 0.104688
3 0.837500 0.453516 0.015625 0.041406
3 0.037109 0.464062 0.024219 0.115625
3 0.274609 0.430078 0.014844 0.116406
3 0.185547 0.471875 0.021094 0.118750
3 0.421094 0.428516 0.020313 0.110156
3 0.520703 0.350781 0.016406 0.076563
3 0.351172 0.358984 0.017969 0.071094
3 0.146875 0.913672 0.065625 0.171094
3 0.187500 0.375000 0.012500 0.071875
3 0.462891 0.339453 0.016406 0.069531
3 0.094141 0.449219 0.022656 0.089063
3 0.804297 0.508984 0.030469 0.161719
3 0.864453 0.861328 0.091406 0.275781
3 0.536328 0.427344 0.022656 0.114062
3 0.447656 0.486328 0.032813 0.144531
4 0.169141 0.980859 0.022656 0.039844
4 0.499609 0.636719 0.014844 0.032813