1 0.523828 0.386719 0.382031 0.089063
1 0.372266 0.385156 0.682031 0.085938
1 0.161328 0.389062 0.260156 0.078125
2 0.498047 0.782422 0.577344 0.039844
2 0.305469 0.591797 0.189062 0.349219
2 0.712500 0.588281 0.175000 0.345313
3 0.465234 0.326172 0.011719 0.033594
3 0.702734 0.448828 0.017969 0.119531
3 0.582031 0.348828 0.017188 0.082031
3 0.575000 0.458594 0.025000 0.135937
3 0.833984 0.451562 0.021094 0.040625
3 0.534766 0.407813 0.016406 0.106250
3 0.314453 0.448047 0.013281 0.121094
3 0.728125 0.467578 0.018750 0.132031
3 0.762500 0.475000 0.025000 0.146875
3 0.831641 0.948828 0.060156 0.100781
3 0.337891 0.569922 0.044531 0.199219
3 0.305078 0.454297 0.019531 0.142969
3 0.462500 0.358203 0.012500 0.066406
3 0.487109 0.329688 0.011719 0.031250
3 0.145703 0.773438 0.072656 0.256250
3 0.928516 0.888672 0.060156 0.224219
3 0.452734 0.356250 0.011719 0.075000
3 0.355469 0.431250 0.020313 0.131250
3 0.186719 0.493359 0.023438 0.117969
3 0.521484 0.374219 0.014844 0.098437
3 0.794141 0.853516 0.088281 0.291406
3 0.593750 0.387500 0.018750 0.084375
3 0.479687 0.606250 0.037500 0.200000