1 0.374219 0.439844 0.682813 0.195312
1 0.504687 0.384766 0.421875 0.085156
2 0.293359 0.779687 0.167969 0.031250
2 0.508984 0.782422 0.599219 0.039844
2 0.670703 0.787500 0.275781 0.025000
2 0.295703 0.603906 0.172656 0.323437
2 0.730078 0.622656 0.153906 0.314063
3 0.630469 0.442969 0.020313 0.114062
3 0.529687 0.351172 0.015625 0.074219
3 0.453516 0.342187 0.016406 0.071875
3 0.505859 0.856641 0.092969 0.157031
3 0.643359 0.455859 0.024219 0.136719
3 0.177344 0.464453 0.026562 0.107031
3 0.238672 0.431250 0.021094 0.115625
3 0.395313 0.417578 0.018750 0.078906
3 0.194141 0.369141 0.013281 0.078906
3 0.037891 0.776563 0.063281 0.306250
3 0.260547 0.453516 0.021094 0.141406
3 0.544141 0.430078 0.025781 0.116406
3 0.156641 0.446875 0.019531 0.106250
3 0.033594 0.467187 0.020313 0.115625
3 0.787109 0.482812 0.024219 0.150000
3 0.838672 0.848437 0.064844 0.303125
3 0.385156 0.659766 0.051562 0.213281
3 0.396094 0.508594 0.032813 0.154688
4 0.595703 0.332422 0.010156 0.017969
4 0.483984 0.910156 0.021094 0.045312
4 0.162109 0.365234 0.008594 0.011719
4 0.061719 0.512891 0.014063 0.032031
4 0.382422 0.084375 0.014844 0.025000