1 0.183203 0.390234 0.303906 0.086719
1 0.524609 0.386328 0.380469 0.088281
2 0.508984 0.782422 0.599219 0.039844
2 0.724609 0.786328 0.167969 0.025781
2 0.297266 0.601562 0.172656 0.328125
2 0.721875 0.606641 0.171875 0.344531
3 0.605078 0.371484 0.016406 0.089844
3 0.470703 0.877734 0.091406 0.114844
3 0.526172 0.370312 0.014844 0.071875
3 0.623828 0.472656 0.025781 0.148438
3 0.520312 0.435547 0.025000 0.111719
3 0.510156 0.437891 0.048438 0.116406
3 0.986328 0.964063 0.025781 0.071875
3 0.116406 0.482812 0.017188 0.109375
3 0.236328 0.410938 0.022656 0.109375
3 0.396484 0.366797 0.017969 0.064844
3 0.608984 0.436328 0.024219 0.110156
3 0.399219 0.435547 0.023438 0.086719
3 0.276953 0.459766 0.025781 0.125781
3 0.399609 0.322656 0.017969 0.039062
3 0.169141 0.391016 0.019531 0.091406
3 0.133203 0.593750 0.041406 0.190625
3 0.963672 0.652734 0.039844 0.196094
3 0.300391 0.382031 0.013281 0.064062
3 0.094922 0.441406 0.021094 0.079687
3 0.698828 0.652734 0.053906 0.261719
3 0.369141 0.695703 0.063281 0.210156
3 0.423828 0.493359 0.038281 0.186719
3 0.833984 0.503125 0.024219 0.140625
4 0.205078 0.381250 0.010156 0.018750
4 0.645703 0.155859 0.013281 0.024219
4 0.430078 0.395703 0.010156 0.025781