3 0.600391 0.348438 0.025781 0.071875
3 0.628906 0.436328 0.023438 0.113281
3 0.523438 0.321875 0.015625 0.043750
3 0.509766 0.855469 0.072656 0.160938
3 0.464453 0.466016 0.025781 0.141406
3 0.458203 0.333984 0.016406 0.061719
3 0.533203 0.418359 0.019531 0.114844
3 0.637109 0.461719 0.030469 0.139063
3 0.188281 0.458984 0.020313 0.114844
3 0.264453 0.461328 0.044531 0.138281
3 0.409375 0.430469 0.021875 0.110937
3 0.317188 0.350000 0.015625 0.059375
3 0.033203 0.824219 0.066406 0.304688
3 0.060547 0.445703 0.014844 0.075781
3 0.198828 0.366406 0.013281 0.085938
3 0.033203 0.469141 0.016406 0.116406
3 0.786719 0.484766 0.023438 0.153906
3 0.784766 0.844531 0.072656 0.310937
3 0.078516 0.443750 0.022656 0.100000
3 0.389453 0.671875 0.053906 0.218750
4 0.614844 0.338281 0.007812 0.014063
4 0.813672 0.644141 0.024219 0.038281
4 0.489453 0.822266 0.019531 0.028906
1 0.373047 0.383984 0.683594 0.083594
1 0.504297 0.382422 0.421094 0.080469