1 0.512500 0.395313 0.356250 0.068750
1 0.511328 0.413672 0.966406 0.149219
1 0.176563 0.387500 0.296875 0.078125
1 0.864453 0.398438 0.260156 0.081250
1 0.970703 0.083203 0.025781 0.060156
2 0.292187 0.611328 0.165625 0.316406
2 0.508203 0.784375 0.600781 0.040625
2 0.717969 0.600781 0.182812 0.360938
3 0.793359 0.469531 0.024219 0.123438
3 0.891016 0.792578 0.057031 0.288281
3 0.989844 0.631250 0.020313 0.125000
3 0.608203 0.455469 0.028906 0.154688
3 0.676172 0.503906 0.027344 0.151562
3 0.988672 0.939063 0.024219 0.121875
3 0.951562 0.739062 0.050000 0.215625
3 0.804688 0.546484 0.034375 0.180469
3 0.355078 0.555859 0.041406 0.171094
3 0.198828 0.651953 0.057031 0.182031
3 0.756641 0.804297 0.069531 0.292969
3 0.680859 0.888672 0.061719 0.221094
3 0.918359 0.658984 0.042969 0.205469
3 0.960938 0.770703 0.059375 0.269531
3 0.383984 0.459375 0.024219 0.121875
3 0.847656 0.678906 0.048438 0.248438
3 0.717578 0.471484 0.022656 0.146094
3 0.591797 0.580859 0.058594 0.186719
3 0.835547 0.732422 0.061719 0.236719
3 0.298828 0.451172 0.019531 0.139844
3 0.495312 0.689063 0.075000 0.246875
3 0.737109 0.466406 0.024219 0.129688
3 0.900391 0.592578 0.047656 0.160156
4 0.467969 0.736328 0.017188 0.028906
4 0.440234 0.728516 0.017969 0.028906
4 0.444141 0.700391 0.016406 0.035156
4 0.459375 0.711328 0.018750 0.028906
4 0.453125 0.736328 0.015625 0.028906