1 0.373047 0.384766 0.683594 0.088281
2 0.508203 0.782422 0.597656 0.039844
2 0.305469 0.592187 0.189062 0.350000
2 0.717187 0.598047 0.181250 0.361719
3 0.685547 0.439453 0.024219 0.107031
3 0.420312 0.355469 0.015625 0.076563
3 0.534766 0.343359 0.022656 0.080469
3 0.595703 0.563672 0.035156 0.196094
3 0.825000 0.446094 0.018750 0.039062
3 0.435547 0.338672 0.017969 0.074219
3 0.605078 0.451562 0.025781 0.128125
3 0.373828 0.421094 0.028906 0.110937
3 0.328516 0.505859 0.038281 0.139844
3 0.507812 0.591797 0.059375 0.180469
3 0.471094 0.324609 0.020313 0.036719
3 0.576953 0.382031 0.022656 0.095312
3 0.710547 0.465625 0.024219 0.131250
3 0.344141 0.432422 0.016406 0.133594
3 0.299219 0.456250 0.017188 0.143750
3 0.518359 0.383203 0.017969 0.082031
3 0.453906 0.732422 0.076563 0.258594
3 0.600391 0.359375 0.016406 0.075000
4 0.872266 0.764844 0.013281 0.020313
4 0.855078 0.760938 0.016406 0.025000
4 0.876953 0.783203 0.019531 0.032031
4 0.851562 0.741016 0.018750 0.028906
4 0.003516 0.983203 0.007031 0.032031
4 0.981250 0.938672 0.015625 0.033594
4 0.865234 0.769922 0.017969 0.030469