1 0.371484 0.384766 0.683594 0.088281
2 0.523047 0.784766 0.571094 0.035156
2 0.316406 0.566406 0.164062 0.298438
2 0.718359 0.600000 0.180469 0.359375
3 0.638672 0.353906 0.014844 0.079687
3 0.682813 0.434375 0.018750 0.118750
3 0.499609 0.375391 0.014844 0.094531
3 0.667578 0.571875 0.044531 0.200000
3 0.825391 0.446484 0.019531 0.039844
3 0.450000 0.328125 0.015625 0.031250
3 0.260547 0.496484 0.027344 0.149219
3 0.435156 0.378906 0.020313 0.085938
3 0.587500 0.448437 0.018750 0.143750
3 0.218359 0.775391 0.052344 0.278906
3 0.725781 0.467578 0.023438 0.135156
3 0.317578 0.459375 0.032031 0.140625
3 0.458594 0.412500 0.014063 0.125000
3 0.486328 0.339453 0.016406 0.075781
3 0.127344 0.902344 0.076563 0.195312
3 0.513281 0.587109 0.032813 0.183594
3 0.876563 0.648438 0.040625 0.175000
3 0.071484 0.880859 0.071094 0.236719
3 0.346094 0.427734 0.026562 0.142969
3 0.567187 0.341016 0.012500 0.069531
4 0.851562 0.742969 0.015625 0.026562
4 0.880469 0.784766 0.010937 0.025781