1 0.373047 0.389062 0.683594 0.093750
2 0.508984 0.781641 0.599219 0.041406
2 0.511719 0.565234 0.379688 0.014844
2 0.682422 0.527734 0.114844 0.221094
2 0.297656 0.602734 0.170313 0.321094
3 0.650781 0.532813 0.045312 0.178125
3 0.740234 0.499219 0.024219 0.164062
3 0.215234 0.641016 0.049219 0.225781
3 0.587500 0.385937 0.018750 0.090625
3 0.572656 0.579297 0.032813 0.205469
3 0.502344 0.644531 0.051562 0.220312
3 0.816016 0.560937 0.041406 0.168750
3 0.394141 0.425781 0.016406 0.120313
3 0.166797 0.539844 0.027344 0.160938
3 0.184375 0.518359 0.021875 0.158594
3 0.283594 0.512109 0.035937 0.174219
3 0.256641 0.439453 0.022656 0.119531
3 0.326172 0.423828 0.014844 0.116406
3 0.595313 0.712109 0.053125 0.286719
3 0.527344 0.693359 0.048438 0.236719
3 0.033594 0.593750 0.039062 0.090625
3 0.283984 0.405078 0.014844 0.060156
3 0.493359 0.619922 0.039844 0.224219
3 0.350000 0.435156 0.018750 0.123438
3 0.825391 0.744141 0.057031 0.263281
3 0.508203 0.470313 0.022656 0.109375
3 0.752734 0.642578 0.061719 0.244531
3 0.510938 0.425000 0.018750 0.075000
3 0.765234 0.472266 0.024219 0.113281