1 0.374219 0.450000 0.682813 0.218750
1 0.525391 0.386328 0.378906 0.091406
2 0.296484 0.604297 0.171094 0.321094
2 0.508984 0.782422 0.599219 0.039844
2 0.716016 0.594141 0.185156 0.366406
3 0.294922 0.454688 0.030469 0.131250
3 0.606641 0.360156 0.016406 0.079687
3 0.658594 0.419141 0.014063 0.069531
3 0.138672 0.483984 0.021094 0.121094
3 0.248047 0.437500 0.021094 0.121875
3 0.662891 0.503906 0.044531 0.154688
3 0.384766 0.418359 0.016406 0.105469
3 0.136719 0.635156 0.057813 0.226562
3 0.508203 0.857812 0.091406 0.156250
3 0.986719 0.732422 0.026562 0.180469
3 0.063281 0.454297 0.032813 0.061719
3 0.712109 0.719531 0.067969 0.298438
3 0.009766 0.637109 0.019531 0.130469
3 0.010156 0.489453 0.020313 0.113281
3 0.818359 0.513672 0.036719 0.155469
3 0.523828 0.428906 0.019531 0.110937
3 0.386328 0.698828 0.063281 0.213281
3 0.407031 0.488281 0.026562 0.148438
4 0.486328 0.908594 0.019531 0.045312
4 0.382031 0.518750 0.014063 0.028125