3 0.672266 0.487891 0.028906 0.150781
3 0.605078 0.378516 0.022656 0.091406
3 0.524219 0.372266 0.014063 0.094531
3 0.570703 0.861328 0.085156 0.150781
3 0.452344 0.420312 0.029687 0.090625
3 0.444922 0.366406 0.014844 0.079687
3 0.120313 0.455859 0.021875 0.096094
3 0.282031 0.416406 0.017188 0.120313
3 0.419922 0.424609 0.021094 0.105469
3 0.176172 0.594141 0.046094 0.210156
3 0.289062 0.470703 0.031250 0.150781
3 0.490625 0.503516 0.037500 0.150781
3 0.981641 0.693750 0.038281 0.221875
3 0.102344 0.433594 0.017188 0.095312
3 0.179297 0.391016 0.021094 0.060156
3 0.652734 0.428516 0.017969 0.107031
3 0.735547 0.675000 0.049219 0.268750
3 0.408203 0.691797 0.063281 0.217969
3 0.820312 0.511328 0.037500 0.160156
4 0.671484 0.485938 0.014844 0.018750
4 0.611719 0.339453 0.007812 0.013281
4 0.462891 0.076172 0.016406 0.024219
4 0.545312 0.896875 0.021875 0.043750
4 0.710938 0.553516 0.015625 0.032031
1 0.373047 0.386719 0.683594 0.095312
1 0.374219 0.448828 0.682813 0.219531
1 0.512891 0.384766 0.403906 0.094531
1 0.829297 0.290625 0.024219 0.059375
2 0.508984 0.784375 0.599219 0.040625
2 0.305078 0.591406 0.188281 0.348438
2 0.292969 0.777734 0.167187 0.030469
2 0.744141 0.649609 0.125781 0.255469
2 0.717578 0.600000 0.178906 0.359375