4 0.255078 0.373437 0.010156 0.015625
4 0.805078 0.499609 0.010156 0.017969
4 0.250391 0.373828 0.010156 0.016406
4 0.412109 0.369141 0.008594 0.013281
4 0.880859 0.643750 0.021094 0.050000
4 0.244531 0.319531 0.007812 0.014063
4 0.534375 0.366797 0.009375 0.014844
3 0.187891 0.896484 0.072656 0.205469
3 0.595703 0.346875 0.016406 0.071875
3 0.655469 0.420312 0.014063 0.096875
3 0.532422 0.328516 0.017969 0.032031
3 0.423438 0.473828 0.034375 0.163281
3 0.451953 0.341406 0.016406 0.073438
3 0.243359 0.430859 0.017969 0.124219
3 0.090625 0.441406 0.015625 0.101562
3 0.192578 0.371484 0.016406 0.080469
3 0.033203 0.803516 0.066406 0.291406
3 0.460547 0.874219 0.067969 0.120313
3 0.279297 0.453906 0.036719 0.145313
3 0.528516 0.419141 0.019531 0.119531
3 0.531641 0.340234 0.019531 0.055469
3 0.402344 0.430859 0.020313 0.111719
3 0.030859 0.470703 0.017969 0.113281
3 0.800391 0.489844 0.028906 0.148438
3 0.844922 0.857812 0.077344 0.284375
3 0.636719 0.456641 0.029687 0.135156
3 0.179297 0.464453 0.024219 0.116406
1 0.167969 0.389062 0.273438 0.084375
1 0.373437 0.426172 0.681250 0.167969
2 0.508594 0.782422 0.598437 0.039844
2 0.303125 0.596094 0.184375 0.339062
2 0.731641 0.623828 0.153906 0.310156