1 0.373828 0.409766 0.685156 0.135156
2 0.293359 0.779687 0.167969 0.031250
2 0.501172 0.782422 0.583594 0.039844
2 0.717187 0.787109 0.153125 0.024219
2 0.305469 0.592187 0.189062 0.346875
2 0.715234 0.593750 0.167969 0.334375
3 0.353516 0.433984 0.019531 0.130469
3 0.699609 0.445703 0.017969 0.116406
3 0.650391 0.500391 0.044531 0.166406
3 0.585938 0.351953 0.025000 0.082031
3 0.495703 0.399219 0.013281 0.098437
3 0.574609 0.459766 0.033594 0.135156
3 0.858203 0.914062 0.072656 0.171875
3 0.837500 0.452734 0.015625 0.039844
3 0.159375 0.566016 0.037500 0.207031
3 0.316016 0.453906 0.019531 0.129688
3 0.732422 0.466016 0.017969 0.135156
3 0.844141 0.967969 0.060156 0.064062
3 0.301563 0.458203 0.025000 0.138281
3 0.517188 0.369531 0.015625 0.089063
3 0.350391 0.583984 0.063281 0.164844
3 0.144922 0.773438 0.074219 0.256250
3 0.964063 0.920703 0.065625 0.157031
3 0.460547 0.349219 0.014844 0.079687
3 0.448828 0.337891 0.013281 0.069531
3 0.430469 0.390234 0.014063 0.080469
3 0.807813 0.844141 0.065625 0.310156
3 0.461328 0.614062 0.072656 0.150000
3 0.625391 0.380469 0.019531 0.085938
4 0.851562 0.741797 0.018750 0.030469
4 0.830078 0.950000 0.013281 0.021875
4 0.786719 0.800781 0.017188 0.029687
4 0.878125 0.782813 0.018750 0.031250
4 0.855078 0.759375 0.016406 0.025000
4 0.866406 0.771094 0.017188 0.029687
4 0.872656 0.761328 0.014063 0.016406