1 0.161328 0.388281 0.260156 0.079687
1 0.373047 0.383984 0.683594 0.086719
1 0.506250 0.384766 0.418750 0.088281
2 0.509766 0.782422 0.597656 0.039844
2 0.303516 0.592187 0.188281 0.346875
2 0.717187 0.599219 0.181250 0.360938
3 0.506641 0.378516 0.013281 0.088281
3 0.521484 0.592578 0.033594 0.191406
3 0.582422 0.787109 0.064844 0.296094
3 0.825391 0.446875 0.019531 0.040625
3 0.550781 0.449219 0.029687 0.135937
3 0.308984 0.456641 0.024219 0.138281
3 0.425391 0.369531 0.013281 0.073438
3 0.599609 0.373437 0.014844 0.115625
3 0.350781 0.432812 0.020313 0.134375
3 0.421484 0.437109 0.017969 0.130469
3 0.476953 0.347656 0.016406 0.073438
3 0.450391 0.337500 0.019531 0.075000
3 0.194922 0.858203 0.064844 0.282031
3 0.405859 0.371875 0.014844 0.090625
3 0.730078 0.464062 0.025781 0.125000
3 0.707031 0.929688 0.114062 0.140625
4 0.600000 0.777734 0.021875 0.033594
4 0.862109 0.772266 0.014844 0.028906
4 0.869531 0.763672 0.014063 0.017969
4 0.221484 0.810937 0.021094 0.043750
4 0.874609 0.783984 0.017969 0.030469
4 0.849609 0.741016 0.017969 0.028906
4 0.851953 0.761719 0.016406 0.023438