1 0.372656 0.408984 0.682813 0.136719
2 0.508594 0.782422 0.598437 0.039844
2 0.305469 0.591406 0.189062 0.348438
2 0.716406 0.598828 0.182812 0.363281
3 0.684766 0.458203 0.032031 0.088281
3 0.528516 0.344141 0.016406 0.078906
3 0.512891 0.367188 0.013281 0.078125
3 0.456641 0.353906 0.013281 0.079687
3 0.825391 0.444922 0.019531 0.039844
3 0.441016 0.336719 0.019531 0.076563
3 0.592578 0.450781 0.022656 0.129688
3 0.013672 0.954688 0.027344 0.090625
3 0.584375 0.369922 0.015625 0.083594
3 0.024219 0.653516 0.048438 0.169531
3 0.271484 0.421094 0.014844 0.110937
3 0.449609 0.430859 0.017969 0.124219
3 0.317969 0.342969 0.010937 0.051562
3 0.037891 0.869141 0.069531 0.260156
3 0.504687 0.592578 0.037500 0.188281
3 0.344922 0.431250 0.017969 0.140625
3 0.340234 0.354687 0.014844 0.050000
3 0.414844 0.352344 0.014063 0.076563
3 0.739453 0.468750 0.022656 0.128125
3 0.644922 0.576953 0.049219 0.169531
3 0.300781 0.456250 0.020313 0.143750
4 0.682422 0.383203 0.008594 0.019531
4 0.855078 0.759766 0.016406 0.025781
4 0.025391 0.454688 0.010156 0.015625
4 0.876953 0.783203 0.019531 0.032031
4 0.851172 0.741016 0.017969 0.028906
4 0.016797 0.453125 0.008594 0.015625
4 0.864844 0.769922 0.017188 0.030469
4 0.872266 0.762891 0.013281 0.019531
4 0.017578 0.455859 0.010156 0.017969