1 0.182812 0.387500 0.303125 0.081250
1 0.373828 0.384375 0.685156 0.090625
1 0.526563 0.383984 0.381250 0.086719
2 0.508594 0.782422 0.598437 0.039844
2 0.724219 0.787109 0.167187 0.024219
2 0.298047 0.602344 0.174219 0.326562
2 0.729297 0.620313 0.158594 0.318750
3 0.172266 0.969141 0.085156 0.060156
3 0.600000 0.351562 0.015625 0.081250
3 0.626953 0.442188 0.022656 0.115625
3 0.522266 0.341406 0.013281 0.054688
3 0.517188 0.419141 0.015625 0.107031
3 0.424609 0.356641 0.014844 0.060156
3 0.033203 0.469141 0.022656 0.116406
3 0.555078 0.334766 0.013281 0.057031
3 0.091797 0.441016 0.021094 0.100781
3 0.031250 0.764844 0.062500 0.279687
3 0.480859 0.876172 0.049219 0.117969
3 0.291016 0.460938 0.025781 0.143750
3 0.417578 0.438672 0.022656 0.121094
3 0.391016 0.455078 0.022656 0.135156
3 0.203125 0.368359 0.015625 0.083594
3 0.280078 0.417578 0.016406 0.100781
3 0.801953 0.503906 0.028906 0.164062
3 0.819531 0.856641 0.104688 0.288281
3 0.637891 0.462500 0.028906 0.140625
3 0.192969 0.466797 0.017188 0.114844
4 0.157422 0.401172 0.014844 0.024219
4 0.110156 0.432422 0.010937 0.017969
4 0.383203 0.425000 0.010156 0.021875
4 0.793750 0.473828 0.015625 0.025781