1 0.373047 0.386719 0.683594 0.089063
2 0.510156 0.784375 0.598437 0.040625
2 0.304297 0.590234 0.189844 0.349219
2 0.716797 0.598047 0.180469 0.361719
3 0.741016 0.529687 0.028906 0.178125
3 0.573828 0.345313 0.013281 0.078125
3 0.477734 0.421484 0.021094 0.111719
3 0.833203 0.451562 0.022656 0.040625
3 0.475000 0.350000 0.018750 0.078125
3 0.976562 0.976172 0.034375 0.046094
3 0.303516 0.455859 0.022656 0.142969
3 0.602344 0.394531 0.026562 0.085938
3 0.702344 0.447266 0.017188 0.119531
3 0.730859 0.466016 0.021094 0.132031
3 0.327734 0.588672 0.036719 0.211719
3 0.444922 0.356641 0.014844 0.085156
3 0.093750 0.901172 0.062500 0.196094
3 0.492578 0.600781 0.028906 0.201563
3 0.517969 0.552734 0.026562 0.199219
3 0.313672 0.448828 0.014844 0.128906
3 0.144922 0.774219 0.074219 0.254688
3 0.344531 0.432422 0.017188 0.133594
3 0.871484 0.925781 0.061719 0.148438
3 0.521484 0.374609 0.017969 0.096094
3 0.754687 0.744922 0.046875 0.274219
3 0.262109 0.460938 0.021094 0.128125
3 0.587891 0.353906 0.016406 0.095312
4 0.872266 0.764062 0.013281 0.018750
4 0.851562 0.741406 0.018750 0.029687
4 0.637891 0.315234 0.007031 0.011719
4 0.419141 0.021875 0.013281 0.018750
4 0.855469 0.759766 0.017188 0.025781
4 0.136328 0.983984 0.022656 0.030469
4 0.878125 0.783203 0.018750 0.032031
4 0.023047 0.453516 0.014844 0.016406
4 0.871875 0.834375 0.021875 0.040625
4 0.864453 0.772656 0.016406 0.029687
4 0.721094 0.452734 0.007812 0.017969