1 0.369922 0.411328 0.689844 0.138281
1 0.373047 0.389453 0.683594 0.094531
2 0.510156 0.782422 0.598437 0.039844
2 0.303516 0.591406 0.188281 0.348438
2 0.716406 0.596484 0.182812 0.364844
3 0.738672 0.456250 0.011719 0.115625
3 0.578906 0.405859 0.023438 0.067969
3 0.171875 0.966016 0.031250 0.066406
3 0.486719 0.466406 0.029687 0.135937
3 0.261328 0.389453 0.016406 0.094531
3 0.834766 0.453125 0.016406 0.040625
3 0.235156 0.470313 0.023438 0.128125
3 0.419141 0.340625 0.016406 0.068750
3 0.531641 0.326953 0.019531 0.038281
3 0.194141 0.797266 0.066406 0.288281
3 0.296094 0.460547 0.029687 0.133594
3 0.338672 0.542188 0.042969 0.159375
3 0.351953 0.434375 0.016406 0.131250
3 0.501563 0.567969 0.037500 0.176563
3 0.055078 0.903125 0.060156 0.193750
3 0.527344 0.389844 0.020313 0.076563
3 0.729688 0.465234 0.018750 0.133594
3 0.399609 0.376953 0.021094 0.088281
3 0.601953 0.571875 0.057031 0.143750
3 0.485547 0.403516 0.014844 0.078906
4 0.295703 0.446875 0.010156 0.018750
4 0.876953 0.783203 0.019531 0.032031
4 0.849609 0.741406 0.017969 0.029687
4 0.220703 0.697266 0.016406 0.032031
4 0.076172 0.882031 0.021094 0.045312
4 0.867578 0.769531 0.019531 0.029687
4 0.855078 0.759375 0.016406 0.025000