1 0.372656 0.383594 0.679688 0.089063
2 0.508203 0.782422 0.597656 0.039844
2 0.724219 0.787500 0.167187 0.025000
2 0.303125 0.594141 0.184375 0.344531
2 0.716016 0.598828 0.182031 0.363281
3 0.175000 0.938672 0.078125 0.124219
3 0.595313 0.378906 0.018750 0.051562
3 0.547266 0.340625 0.016406 0.071875
3 0.584766 0.338281 0.016406 0.073438
3 0.514844 0.385547 0.014063 0.071094
3 0.669531 0.579688 0.057813 0.171875
3 0.825391 0.445703 0.019531 0.041406
3 0.431250 0.373828 0.018750 0.085156
3 0.586328 0.447266 0.028906 0.138281
3 0.330859 0.443750 0.014844 0.106250
3 0.383203 0.448437 0.022656 0.118750
3 0.596484 0.322266 0.017969 0.050781
3 0.699609 0.450000 0.014844 0.118750
3 0.733984 0.467969 0.021094 0.135937
3 0.683203 0.980859 0.038281 0.036719
3 0.351172 0.457031 0.036719 0.135937
3 0.489063 0.342187 0.015625 0.075000
3 0.530469 0.598437 0.067187 0.171875
3 0.869531 0.576953 0.035937 0.185156
3 0.071094 0.945312 0.142187 0.109375
3 0.357812 0.346484 0.015625 0.071094
3 0.423047 0.431250 0.017969 0.125000
3 0.145313 0.907813 0.050000 0.184375
3 0.336328 0.430078 0.028906 0.132031
4 0.634766 0.368359 0.010156 0.017969
4 0.855078 0.763281 0.016406 0.023438
4 0.851562 0.744531 0.018750 0.029687
4 0.182422 0.933984 0.024219 0.036719
4 0.187500 0.948438 0.034375 0.065625
4 0.644922 0.657422 0.011719 0.017969
4 0.878906 0.782813 0.017188 0.028125
4 0.869141 0.770703 0.016406 0.028906