1 0.372266 0.385156 0.682031 0.085938
1 0.161328 0.389062 0.260156 0.078125
2 0.508594 0.782422 0.598437 0.039844
2 0.301953 0.592578 0.185156 0.344531
2 0.719922 0.604688 0.174219 0.350000
3 0.704297 0.449219 0.011719 0.120313
3 0.535547 0.342187 0.024219 0.075000
3 0.487109 0.350000 0.017969 0.084375
3 0.825391 0.446484 0.019531 0.039844
3 0.426953 0.348047 0.013281 0.086719
3 0.600000 0.378516 0.015625 0.100781
3 0.244141 0.472266 0.025781 0.138281
3 0.625391 0.458984 0.019531 0.136719
3 0.300781 0.455859 0.017188 0.142969
3 0.656250 0.587891 0.053125 0.160156
3 0.272266 0.458203 0.041406 0.085156
3 0.386328 0.398828 0.022656 0.144531
3 0.148828 0.768359 0.047656 0.267969
3 0.505859 0.592187 0.061719 0.181250
3 0.436719 0.346094 0.017188 0.089063
3 0.725391 0.465234 0.019531 0.133594
3 0.344922 0.432812 0.017969 0.134375
3 0.525781 0.389844 0.014063 0.076563
4 0.849609 0.741406 0.017969 0.029687
4 0.877344 0.782422 0.017188 0.030469