1 0.373828 0.383203 0.685156 0.088281
2 0.724609 0.786328 0.167969 0.025781
2 0.304688 0.592187 0.187500 0.346875
2 0.725781 0.615625 0.164062 0.328125
3 0.226953 0.428516 0.022656 0.100781
3 0.624609 0.358984 0.021094 0.105469
3 0.468359 0.882031 0.086719 0.104688
3 0.614062 0.439063 0.025000 0.100000
3 0.532422 0.376953 0.017969 0.088281
3 0.450000 0.374219 0.015625 0.095312
3 0.637109 0.491016 0.039844 0.157031
3 0.223047 0.521875 0.033594 0.168750
3 0.425000 0.430469 0.025000 0.101562
3 0.145703 0.487500 0.035156 0.115625
3 0.167187 0.391797 0.018750 0.089844
3 0.226562 0.415234 0.021875 0.074219
3 0.119141 0.632031 0.050781 0.220312
3 0.950391 0.666016 0.041406 0.207031
3 0.108203 0.408203 0.016406 0.082031
3 0.250781 0.406641 0.020313 0.044531
3 0.506641 0.431641 0.041406 0.085156
3 0.719922 0.678125 0.049219 0.275000
3 0.411719 0.489063 0.035937 0.143750
3 0.390234 0.657422 0.071094 0.217969
3 0.092578 0.445703 0.019531 0.094531
3 0.823047 0.487109 0.021094 0.149219
4 0.648047 0.268359 0.011719 0.021094
4 0.442969 0.300781 0.007812 0.014063
4 0.624609 0.312500 0.008594 0.015625
4 0.444531 0.332813 0.010937 0.015625
4 0.397266 0.552734 0.013281 0.017969
4 0.013672 0.391016 0.011719 0.025781
4 0.325000 0.616016 0.012500 0.025781