1 0.373047 0.410156 0.683594 0.139063
2 0.508594 0.782422 0.598437 0.039844
2 0.304297 0.589844 0.189844 0.351562
2 0.716016 0.594141 0.185156 0.369531
3 0.451953 0.338672 0.016406 0.074219
3 0.162500 0.865625 0.046875 0.265625
3 0.524219 0.584766 0.051562 0.182031
3 0.536719 0.338281 0.017188 0.076563
3 0.469922 0.333203 0.021094 0.069531
3 0.621484 0.545703 0.049219 0.185156
3 0.466797 0.429688 0.024219 0.121875
3 0.835547 0.453125 0.017969 0.040625
3 0.589063 0.377344 0.015625 0.098437
3 0.164453 0.548438 0.032031 0.184375
3 0.647266 0.472656 0.016406 0.145313
3 0.224609 0.551172 0.036719 0.164844
3 0.697656 0.445703 0.017188 0.113281
3 0.310156 0.455859 0.023438 0.146094
3 0.419141 0.381250 0.019531 0.084375
3 0.045312 0.883203 0.071875 0.232031
3 0.224219 0.441797 0.026562 0.080469
3 0.738281 0.467969 0.026562 0.126562
3 0.343359 0.433984 0.017969 0.133594
3 0.521484 0.366406 0.014844 0.073438
4 0.854688 0.759766 0.015625 0.025781
4 0.876953 0.783203 0.019531 0.032031
4 0.849609 0.741406 0.017969 0.029687
4 0.189453 0.409375 0.010156 0.018750
4 0.867969 0.769531 0.020313 0.029687