1 0.371875 0.385547 0.684375 0.089844
2 0.508594 0.782422 0.598437 0.039844
2 0.305078 0.591406 0.188281 0.348438
2 0.718359 0.598047 0.180469 0.361719
3 0.699219 0.448828 0.020313 0.113281
3 0.429297 0.359375 0.011719 0.071875
3 0.538672 0.344531 0.014844 0.079687
3 0.317188 0.358984 0.012500 0.042969
3 0.651172 0.564063 0.036719 0.193750
3 0.607031 0.460156 0.048438 0.129688
3 0.835156 0.453125 0.017188 0.040625
3 0.575781 0.382031 0.020313 0.098437
3 0.314844 0.436328 0.017188 0.113281
3 0.345703 0.431641 0.019531 0.135156
3 0.463281 0.318359 0.017188 0.042969
3 0.308984 0.591016 0.042969 0.203906
3 0.445703 0.326562 0.013281 0.034375
3 0.492188 0.590625 0.037500 0.190625
3 0.024609 0.933203 0.049219 0.132031
3 0.724219 0.466016 0.020313 0.135156
3 0.455859 0.429297 0.017969 0.124219
3 0.298047 0.438281 0.017969 0.101562
3 0.521484 0.389844 0.024219 0.079687
4 0.314063 0.432422 0.012500 0.024219
4 0.344141 0.325781 0.010156 0.020313
4 0.854688 0.760938 0.015625 0.025000
4 0.876953 0.783203 0.019531 0.032031
4 0.849609 0.741406 0.017969 0.029687
4 0.033984 0.942969 0.024219 0.054688
4 0.867578 0.769922 0.019531 0.030469