1 0.183984 0.387891 0.305469 0.078906
1 0.373437 0.383984 0.684375 0.086719
2 0.508984 0.782422 0.599219 0.039844
2 0.299219 0.600391 0.176563 0.328906
2 0.719141 0.601172 0.178906 0.355469
3 0.213672 0.423828 0.027344 0.110156
3 0.611719 0.433984 0.020313 0.111719
3 0.523438 0.382812 0.015625 0.090625
3 0.432422 0.483984 0.027344 0.149219
3 0.434375 0.382031 0.012500 0.064062
3 0.515234 0.423828 0.017969 0.091406
3 0.557031 0.472656 0.032813 0.145313
3 0.283203 0.460547 0.032031 0.136719
3 0.401562 0.437500 0.028125 0.118750
3 0.635156 0.955469 0.048438 0.089063
3 0.151953 0.607031 0.060156 0.204687
3 0.464453 0.883594 0.088281 0.104688
3 0.979297 0.674219 0.033594 0.201563
3 0.147266 0.391016 0.013281 0.091406
3 0.236328 0.377344 0.019531 0.085938
3 0.014844 0.551172 0.029687 0.199219
3 0.135156 0.482031 0.020313 0.110937
3 0.653125 0.635547 0.050000 0.255469
3 0.088672 0.440625 0.024219 0.100000
3 0.367578 0.683594 0.053906 0.226562
3 0.587500 0.371484 0.018750 0.092969
3 0.815234 0.494141 0.033594 0.153906
4 0.042578 0.525000 0.007031 0.015625
4 0.032422 0.408594 0.008594 0.023438