1 0.373437 0.384766 0.684375 0.088281
1 0.373047 0.423828 0.683594 0.169531
1 0.526172 0.386719 0.377344 0.085938
1 0.180078 0.389062 0.297656 0.081250
2 0.288672 0.778906 0.158594 0.029687
2 0.724609 0.786719 0.167969 0.026562
2 0.508594 0.782422 0.598437 0.039844
2 0.305469 0.592187 0.189062 0.346875
2 0.727344 0.613672 0.160938 0.330469
3 0.310156 0.451562 0.020313 0.143750
3 0.598437 0.380469 0.015625 0.085938
3 0.462891 0.851172 0.072656 0.161719
3 0.642188 0.445312 0.025000 0.100000
3 0.528516 0.370703 0.013281 0.066406
3 0.306250 0.364063 0.012500 0.031250
3 0.435937 0.407422 0.018750 0.096094
3 0.658594 0.623828 0.067187 0.244531
3 0.532422 0.446484 0.017969 0.096094
3 0.618359 0.474609 0.039844 0.149219
3 0.171875 0.396875 0.021875 0.071875
3 0.156250 0.615625 0.040625 0.221875
3 0.975391 0.643750 0.032031 0.196875
3 0.047266 0.489063 0.035156 0.118750
3 0.449609 0.373828 0.014844 0.094531
3 0.430078 0.514453 0.044531 0.132031
3 0.368750 0.657813 0.068750 0.271875
3 0.112891 0.483984 0.019531 0.124219
3 0.250781 0.424219 0.020313 0.114062
3 0.832031 0.497656 0.026562 0.151562
3 0.094141 0.430078 0.016406 0.116406
4 0.635547 0.234766 0.008594 0.016406
4 0.062109 0.342578 0.008594 0.019531
4 0.963672 0.505859 0.008594 0.017969
4 0.098828 0.334375 0.007031 0.015625