1 0.504297 0.383594 0.421094 0.085938
1 0.162891 0.392969 0.263281 0.089063
2 0.475781 0.563672 0.451562 0.017969
2 0.670312 0.787109 0.275000 0.024219
2 0.304688 0.591406 0.187500 0.348438
2 0.507812 0.782422 0.596875 0.039844
2 0.730859 0.623828 0.152344 0.303906
2 0.423047 0.782422 0.427344 0.039844
3 0.587891 0.348438 0.010156 0.075000
3 0.633984 0.441016 0.017969 0.116406
3 0.528125 0.343750 0.015625 0.056250
3 0.456641 0.338672 0.016406 0.071094
3 0.505859 0.856641 0.092969 0.157031
3 0.473047 0.500781 0.039844 0.160938
3 0.532031 0.430859 0.029687 0.117969
3 0.648047 0.480078 0.033594 0.150781
3 0.297656 0.471484 0.026562 0.149219
3 0.190625 0.374219 0.015625 0.079687
3 0.377734 0.349219 0.014844 0.073438
3 0.126562 0.544922 0.028125 0.139844
3 0.363672 0.726172 0.046094 0.249219
3 0.090234 0.437891 0.017969 0.110156
3 0.022656 0.472266 0.020313 0.110156
3 0.773438 0.793359 0.090625 0.414844
3 0.409766 0.429297 0.019531 0.114844
3 0.149609 0.456641 0.017969 0.107031
3 0.258984 0.429688 0.017969 0.121875
3 0.797266 0.489063 0.025781 0.153125
4 0.405469 0.168750 0.023438 0.037500
4 0.154688 0.321094 0.015625 0.032813
4 0.808594 0.319141 0.014063 0.032031