1 0.373437 0.384375 0.684375 0.090625
1 0.512891 0.383984 0.403906 0.089844
2 0.508594 0.782422 0.598437 0.039844
2 0.305469 0.591406 0.189062 0.348438
2 0.717969 0.598437 0.179688 0.356250
2 0.694141 0.550781 0.135156 0.260937
3 0.688672 0.467969 0.021094 0.095312
3 0.739062 0.461719 0.021875 0.129688
3 0.591016 0.376563 0.019531 0.071875
3 0.521094 0.882812 0.048438 0.109375
3 0.753516 0.839844 0.072656 0.320312
3 0.703516 0.732422 0.060156 0.308594
3 0.679297 0.681641 0.036719 0.225781
3 0.961328 0.893359 0.066406 0.211719
3 0.837109 0.453125 0.014844 0.040625
3 0.759766 0.497656 0.044531 0.151562
3 0.346484 0.558984 0.042969 0.192969
3 0.878516 0.807813 0.053906 0.275000
3 0.951172 0.787500 0.064844 0.265625
3 0.326562 0.399609 0.021875 0.092969
3 0.444922 0.372656 0.017969 0.095312
3 0.589453 0.465234 0.022656 0.139844
3 0.530078 0.426563 0.016406 0.121875
3 0.476172 0.589844 0.046094 0.189062
3 0.316797 0.474219 0.021094 0.148438
3 0.887500 0.888281 0.078125 0.223438
3 0.517969 0.369141 0.020313 0.082031
3 0.497266 0.771875 0.072656 0.265625
4 0.644141 0.211719 0.013281 0.020313
4 0.680469 0.508594 0.014063 0.026562