1 0.161328 0.389062 0.260156 0.081250
1 0.372266 0.387891 0.685156 0.091406
2 0.293359 0.779687 0.167969 0.031250
2 0.511328 0.451562 0.269531 0.046875
2 0.508594 0.782031 0.598437 0.039062
2 0.684766 0.786328 0.247656 0.025781
2 0.305078 0.591406 0.188281 0.348438
2 0.494141 0.566797 0.413281 0.017969
2 0.714844 0.593750 0.185938 0.371875
3 0.774219 0.451172 0.026562 0.108594
3 0.537891 0.360156 0.016406 0.079687
3 0.665234 0.470313 0.021094 0.143750
3 0.541797 0.848437 0.092969 0.175000
3 0.458594 0.354297 0.017188 0.083594
3 0.121875 0.497656 0.028125 0.114062
3 0.263672 0.393750 0.017969 0.056250
3 0.433203 0.424219 0.016406 0.110937
3 0.255078 0.473047 0.035156 0.158594
3 0.153906 0.609766 0.042188 0.207031
3 0.455859 0.508984 0.027344 0.130469
3 0.966016 0.676562 0.053906 0.209375
3 0.301953 0.369141 0.016406 0.082031
3 0.181641 0.380859 0.016406 0.083594
3 0.529297 0.422266 0.017969 0.107031
3 0.071484 0.447656 0.024219 0.079687
3 0.819531 0.511328 0.035937 0.160156
3 0.723047 0.655859 0.052344 0.255469
3 0.430859 0.659375 0.067969 0.209375
3 0.655078 0.396484 0.022656 0.067969
4 0.594141 0.832422 0.022656 0.042969
4 0.239844 0.258984 0.010937 0.017969
4 0.459766 0.373828 0.016406 0.032031