1 0.373047 0.386328 0.683594 0.088281
2 0.487109 0.782422 0.555469 0.039844
2 0.680859 0.523438 0.108594 0.209375
2 0.304297 0.591016 0.189844 0.350781
3 0.577344 0.357812 0.014063 0.075000
3 0.741406 0.689453 0.051562 0.207031
3 0.717578 0.894141 0.082031 0.210156
3 0.600391 0.396484 0.025781 0.080469
3 0.780078 0.841797 0.050781 0.317969
3 0.836328 0.453125 0.016406 0.040625
3 0.467187 0.339062 0.018750 0.056250
3 0.863281 0.975000 0.032813 0.050000
3 0.686328 0.529297 0.041406 0.186719
3 0.343750 0.570703 0.031250 0.200781
3 0.336328 0.462891 0.035156 0.088281
3 0.506641 0.351562 0.016406 0.078125
3 0.297656 0.741016 0.073438 0.244531
3 0.588281 0.471094 0.035937 0.145313
3 0.862891 0.849609 0.063281 0.233594
3 0.439844 0.366016 0.014063 0.085156
3 0.430859 0.361328 0.011719 0.078906
3 0.455859 0.416406 0.021094 0.110937
3 0.230078 0.466797 0.025781 0.117969
3 0.753516 0.456641 0.019531 0.119531
3 0.854688 0.906641 0.068750 0.185156
3 0.528125 0.389453 0.028125 0.075781
3 0.463281 0.594141 0.042188 0.191406
4 0.625000 0.319531 0.015625 0.023438
4 0.755859 0.717578 0.014844 0.028906
4 0.760156 0.815234 0.020313 0.033594