4 0.154297 0.900781 0.086719 0.198437
4 0.450781 0.337500 0.017188 0.084375
4 0.437500 0.465234 0.025000 0.133594
4 0.636328 0.461328 0.032031 0.153906
4 0.592187 0.330469 0.015625 0.029687
4 0.398438 0.425781 0.021875 0.110937
4 0.268750 0.391016 0.028125 0.038281
4 0.021094 0.816406 0.042188 0.310937
4 0.427734 0.878125 0.077344 0.106250
4 0.262500 0.459375 0.018750 0.140625
4 0.080078 0.446094 0.016406 0.101562
4 0.212109 0.389453 0.011719 0.044531
4 0.805859 0.836719 0.074219 0.326562
4 0.178516 0.461328 0.016406 0.119531
4 0.590234 0.373047 0.011719 0.042969
4 0.803516 0.496875 0.028906 0.156250
4 0.516797 0.419141 0.017969 0.107031
4 0.041406 0.461719 0.023438 0.114062
4 0.435156 0.470313 0.010937 0.018750
4 0.976953 0.439844 0.016406 0.029687
3 0.154297 0.900781 0.086719 0.198437
3 0.450781 0.337500 0.017188 0.084375
3 0.437500 0.465234 0.025000 0.133594
3 0.636328 0.461328 0.032031 0.153906
3 0.592187 0.330469 0.015625 0.029687
3 0.398438 0.425781 0.021875 0.110937
3 0.268750 0.391016 0.028125 0.038281
3 0.021094 0.816406 0.042188 0.310937
3 0.427734 0.878125 0.077344 0.106250
3 0.262500 0.459375 0.018750 0.140625
3 0.080078 0.446094 0.016406 0.101562
3 0.212109 0.389453 0.011719 0.044531
3 0.805859 0.836719 0.074219 0.326562
3 0.178516 0.461328 0.016406 0.119531
3 0.590234 0.373047 0.011719 0.042969
3 0.803516 0.496875 0.028906 0.156250
3 0.516797 0.419141 0.017969 0.107031
3 0.041406 0.461719 0.023438 0.114062
1 0.523828 0.386328 0.382031 0.088281
1 0.181641 0.387109 0.300781 0.080469