1 0.514062 0.385937 0.403125 0.084375
1 0.373047 0.410156 0.683594 0.135937
1 0.373047 0.388672 0.683594 0.092969
2 0.605859 0.566016 0.152344 0.013281
2 0.724609 0.786328 0.167969 0.025781
2 0.394141 0.555469 0.144531 0.029687
2 0.305078 0.592187 0.188281 0.346875
2 0.508594 0.782422 0.598437 0.039844
2 0.721875 0.605859 0.171875 0.346094
2 0.501172 0.565625 0.358594 0.015625
2 0.514453 0.449609 0.272656 0.042969
3 0.213281 0.495703 0.032813 0.160156
3 0.625391 0.443359 0.022656 0.105469
3 0.664062 0.514844 0.053125 0.110937
3 0.121484 0.491406 0.017969 0.129688
3 0.108984 0.406250 0.011719 0.071875
3 0.341797 0.387891 0.017969 0.078906
3 0.075000 0.651172 0.050000 0.224219
3 0.462891 0.882812 0.082031 0.103125
3 0.976953 0.703906 0.044531 0.220312
3 0.167187 0.390625 0.015625 0.093750
3 0.008203 0.624609 0.016406 0.114844
3 0.519922 0.437500 0.021094 0.125000
3 0.478516 0.425000 0.016406 0.103125
3 0.330078 0.405078 0.022656 0.107031
3 0.089453 0.441406 0.013281 0.098437
3 0.712891 0.683984 0.082031 0.230469
3 0.496484 0.377734 0.011719 0.055469
3 0.342187 0.711328 0.050000 0.238281
3 0.633594 0.376563 0.014063 0.043750
3 0.465625 0.471875 0.028125 0.143750
3 0.735156 0.468359 0.029687 0.133594
4 0.626563 0.546094 0.012500 0.023438
4 0.691016 0.502734 0.010156 0.021094
4 0.214844 0.483594 0.010937 0.023438
4 0.340234 0.326172 0.011719 0.024219