1 0.526953 0.385156 0.375781 0.089063
1 0.373047 0.389062 0.683594 0.096875
2 0.509766 0.782422 0.597656 0.039844
2 0.305078 0.592187 0.188281 0.350000
2 0.718359 0.600000 0.180469 0.359375
3 0.754297 0.464453 0.021094 0.135156
3 0.305859 0.914062 0.067969 0.171875
3 0.670312 0.613281 0.034375 0.214062
3 0.482031 0.408984 0.017188 0.074219
3 0.837109 0.453125 0.014844 0.040625
3 0.969141 0.979688 0.035156 0.040625
3 0.703906 0.462500 0.023438 0.131250
3 0.228516 0.688281 0.057031 0.235937
3 0.283984 0.449219 0.021094 0.139063
3 0.351172 0.569922 0.052344 0.183594
3 0.487891 0.347266 0.016406 0.078906
3 0.429297 0.365234 0.014844 0.080469
3 0.475391 0.544531 0.053906 0.285938
3 0.116406 0.744531 0.054688 0.279687
3 0.590625 0.382422 0.021875 0.092969
3 0.440234 0.369141 0.030469 0.091406
3 0.813281 0.911328 0.076563 0.178906
3 0.528906 0.368359 0.017188 0.083594
3 0.716797 0.728516 0.055469 0.263281
3 0.169922 0.519922 0.027344 0.146094
3 0.632422 0.354687 0.014844 0.078125
3 0.486328 0.460156 0.019531 0.120313
4 0.676953 0.451562 0.013281 0.025000
4 0.695312 0.719141 0.012500 0.028906
4 0.851953 0.768359 0.016406 0.030469
4 0.835156 0.739062 0.014063 0.025000
4 0.866016 0.776953 0.019531 0.032031
4 0.841406 0.734375 0.026562 0.034375
4 0.784375 0.977734 0.015625 0.036719
4 0.212109 0.663281 0.011719 0.026562
4 0.171484 0.503906 0.011719 0.010937
4 0.093750 0.706641 0.015625 0.032031
4 0.845703 0.732422 0.016406 0.030469