1 0.376563 0.385547 0.678125 0.092969
2 0.508203 0.782422 0.597656 0.039844
2 0.306641 0.587891 0.191406 0.353906
2 0.717187 0.599219 0.181250 0.360938
3 0.467969 0.882422 0.085938 0.105469
3 0.507422 0.393359 0.014844 0.083594
3 0.446875 0.367578 0.015625 0.091406
3 0.240234 0.344922 0.011719 0.058594
3 0.433984 0.492969 0.036719 0.154688
3 0.537109 0.432422 0.027344 0.096094
3 0.246484 0.403516 0.017969 0.050781
3 0.698828 0.503906 0.044531 0.160938
3 0.418750 0.413672 0.018750 0.092969
3 0.300000 0.501172 0.040625 0.146094
3 0.186328 0.392578 0.016406 0.091406
3 0.105859 0.605078 0.039844 0.219531
3 0.588672 0.407031 0.011719 0.064062
3 0.932813 0.629687 0.040625 0.221875
3 0.122266 0.428906 0.013281 0.073438
3 0.012891 0.676172 0.025781 0.149219
3 0.592969 0.438281 0.023438 0.114062
3 0.136328 0.491016 0.028906 0.116406
3 0.279297 0.440625 0.021094 0.125000
3 0.868359 0.557031 0.042969 0.179688
3 0.713281 0.650391 0.073438 0.232031
3 0.382422 0.680469 0.049219 0.223438
4 0.588672 0.384766 0.008594 0.019531
4 0.446875 0.332422 0.012500 0.021094
4 0.129688 0.402734 0.009375 0.021094
4 0.741016 0.473047 0.013281 0.024219
4 0.119922 0.489063 0.008594 0.018750
4 0.944922 0.516406 0.011719 0.023438
4 0.448437 0.335547 0.009375 0.014844
4 0.373047 0.423438 0.011719 0.025000
4 0.517969 0.366016 0.007812 0.019531