1 0.373047 0.385156 0.683594 0.089063
2 0.293359 0.779687 0.167969 0.031250
2 0.508203 0.782422 0.597656 0.039844
2 0.724609 0.787500 0.167969 0.025000
2 0.304297 0.590625 0.189844 0.350000
2 0.721484 0.607812 0.171094 0.343750
3 0.699219 0.446875 0.017188 0.115625
3 0.344531 0.432812 0.020313 0.134375
3 0.576172 0.393750 0.027344 0.081250
3 0.475391 0.340625 0.019531 0.068750
3 0.553516 0.712891 0.069531 0.103906
3 0.502344 0.589844 0.029687 0.189062
3 0.009766 0.967969 0.019531 0.064062
3 0.448828 0.341406 0.016406 0.060937
3 0.403516 0.341016 0.013281 0.075781
3 0.623828 0.462891 0.025781 0.138281
3 0.328516 0.440234 0.025781 0.096094
3 0.340234 0.583984 0.058594 0.214844
3 0.153516 0.716797 0.053906 0.249219
3 0.423828 0.344531 0.013281 0.070312
3 0.520312 0.390625 0.025000 0.075000
3 0.719922 0.462500 0.027344 0.131250
3 0.450391 0.431250 0.019531 0.125000
3 0.302344 0.455469 0.020313 0.139063
3 0.570703 0.323047 0.019531 0.042969
4 0.661328 0.368359 0.010156 0.017969
4 0.854297 0.760938 0.014844 0.025000
4 0.458594 0.303906 0.014063 0.020313
4 0.876953 0.783203 0.019531 0.032031
4 0.849609 0.741016 0.017969 0.028906
4 0.180078 0.751563 0.013281 0.025000
4 0.443359 0.334375 0.008594 0.015625
4 0.014063 0.953125 0.012500 0.034375
4 0.867578 0.769531 0.019531 0.029687