1 0.373437 0.385547 0.684375 0.086719
2 0.508594 0.782422 0.598437 0.039844
2 0.305469 0.591797 0.189062 0.349219
2 0.716016 0.597656 0.182031 0.364063
3 0.595703 0.393750 0.022656 0.075000
3 0.698828 0.446875 0.016406 0.115625
3 0.273438 0.904687 0.062500 0.190625
3 0.528516 0.349609 0.016406 0.080469
3 0.491016 0.604688 0.057031 0.190625
3 0.636719 0.568750 0.029687 0.200000
3 0.834766 0.452734 0.016406 0.039844
3 0.096094 0.949219 0.039062 0.101562
3 0.321484 0.984375 0.033594 0.031250
3 0.444922 0.358984 0.014844 0.080469
3 0.587891 0.457031 0.028906 0.135937
3 0.317578 0.459766 0.022656 0.144531
3 0.150391 0.769141 0.075781 0.253906
3 0.295703 0.727344 0.041406 0.276562
3 0.455469 0.332422 0.017188 0.058594
3 0.522656 0.374219 0.017188 0.095312
3 0.723828 0.462891 0.022656 0.128906
3 0.465234 0.427344 0.014844 0.126562
3 0.432812 0.339453 0.015625 0.066406
3 0.354297 0.436719 0.014844 0.135937
3 0.473047 0.339844 0.014844 0.060937
3 0.183984 0.551562 0.033594 0.156250
3 0.324219 0.928125 0.060937 0.143750
4 0.855078 0.760547 0.016406 0.024219
4 0.877344 0.783984 0.020313 0.033594
4 0.851562 0.741406 0.018750 0.029687
4 0.167578 0.605859 0.010156 0.021094
4 0.867969 0.769531 0.020313 0.029687