1 0.373047 0.424609 0.683594 0.164844
2 0.614844 0.566797 0.173437 0.011719
2 0.371484 0.779297 0.324219 0.036719
2 0.508984 0.781641 0.599219 0.041406
2 0.670703 0.786328 0.275781 0.025781
2 0.395313 0.563672 0.143750 0.011719
2 0.305078 0.589844 0.188281 0.348438
2 0.508594 0.795312 0.257812 0.015625
2 0.725781 0.613672 0.164062 0.330469
3 0.241016 0.860938 0.057031 0.278125
3 0.286719 0.455078 0.032813 0.141406
3 0.584766 0.351562 0.019531 0.081250
3 0.621875 0.435156 0.015625 0.098437
3 0.522266 0.351562 0.013281 0.075000
3 0.460156 0.347266 0.020313 0.078906
3 0.464453 0.462500 0.041406 0.115625
3 0.530859 0.426172 0.017969 0.114844
3 0.248047 0.431250 0.021094 0.109375
3 0.636328 0.461719 0.028906 0.139063
3 0.415234 0.427344 0.017969 0.110937
3 0.323047 0.360938 0.014844 0.084375
3 0.169531 0.476953 0.023438 0.128906
3 0.504297 0.855859 0.089844 0.161719
3 0.039062 0.469531 0.018750 0.120313
3 0.801953 0.501563 0.047656 0.159375
3 0.845703 0.863281 0.097656 0.273438
3 0.089453 0.441406 0.019531 0.110937
4 0.632422 0.168359 0.011719 0.021094