1 0.523828 0.380859 0.382031 0.092969
1 0.373047 0.387109 0.683594 0.111719
2 0.508984 0.782422 0.599219 0.039844
2 0.304297 0.591797 0.186719 0.346094
2 0.724609 0.611719 0.167969 0.335938
3 0.703125 0.544141 0.025000 0.178906
3 0.261328 0.428516 0.022656 0.119531
3 0.623828 0.369141 0.019531 0.085156
3 0.415625 0.887109 0.068750 0.086719
3 0.314063 0.364844 0.012500 0.060937
3 0.401953 0.486719 0.032031 0.085938
3 0.630859 0.441406 0.036719 0.101562
3 0.130469 0.466797 0.017188 0.108594
3 0.815234 0.505859 0.033594 0.142969
3 0.332422 0.475781 0.039844 0.139063
3 0.150391 0.398047 0.025781 0.061719
3 0.162109 0.628906 0.046094 0.285938
3 0.974609 0.718750 0.052344 0.228125
3 0.398047 0.373437 0.021094 0.078125
3 0.105859 0.431250 0.014844 0.100000
3 0.506641 0.425391 0.022656 0.094531
3 0.726172 0.684766 0.052344 0.278906
3 0.507031 0.381250 0.026562 0.056250
3 0.385156 0.676172 0.057813 0.224219
4 0.630469 0.301172 0.007812 0.014844
4 0.382422 0.319922 0.008594 0.014844
4 0.347266 0.378906 0.007031 0.014063
4 0.390234 0.358594 0.008594 0.014063
4 0.980078 0.418750 0.016406 0.034375